Sample:	'1
File name:	Default_20221208_174736.FD3
Run date:	'17:41:15, 12/08/2022
Operator:	dsjg
Comment:	'

Instrument
Model:	F-2700 FL Spectrophotometer
Serial number:	2198-005
ROM Version:	4J14000 07

Instrument parameters
Measurement type:	3-D scan
Data mode:	Fluorescence
EX  Start WL:	220.0 nm
EX  End WL:	600.0 nm
EX Sampling interval:	5.0 nm
EM  Start WL:	230.0 nm
EM  End WL:	650.0 nm
EM Sampling interval:	5.0 nm
Scan speed:	12000 nm/min
EX Slit:	5.0 nm
EM Slit:	5.0 nm
PMT Voltage:	700 V
Response:	Auto 
Corrected spectra:	Off
Contour interval:	50.000

Peak integration
Integration method:	Rectangular
Sensitivity:	1
Threshold:	1.000

Peaks
No.	ApexEX/EM(nm)	Height(Data)
1	235.0/255.0	206.1
2	235.0/345.0	 1117
3	235.0/515.0	166.3
4	240.0/265.0	311.1
5	240.0/525.0	157.5
6	245.0/270.0	320.4
7	245.0/540.0	144.4
8	250.0/275.0	428.2
9	250.0/550.0	114.2
10	255.0/280.0	606.6
11	255.0/565.0	110.5
12	260.0/575.0	110.4
13	265.0/585.0	137.1
14	270.0/600.0	152.5
15	275.0/310.0	 3167
16	275.0/320.0	 3174
17	275.0/610.0	176.4
18	315.0/355.0	594.2
19	320.0/365.0	605.0
20	325.0/370.0	601.5
21	330.0/375.0	606.3
22	335.0/380.0	582.2
23	395.0/460.0	130.3
24	415.0/485.0	68.22
25	455.0/540.0	12.93
26	470.0/560.0	5.821
27	485.0/265.0	-0.392
28	495.0/270.0	-0.745
29	505.0/275.0	0.085
30	515.0/280.0	0.956
31	520.0/285.0	1.891
32	550.0/305.0	11.44
33	555.0/310.0	11.48

Data points
	220.0	225.0	230.0	235.0	240.0	245.0	250.0	255.0	260.0	265.0	270.0	275.0	280.0	285.0	290.0	295.0	300.0	305.0	310.0	315.0	320.0	325.0	330.0	335.0	340.0	345.0	350.0	355.0	360.0	365.0	370.0	375.0	380.0	385.0	390.0	395.0	400.0	405.0	410.0	415.0	420.0	425.0	430.0	435.0	440.0	445.0	450.0	455.0	460.0	465.0	470.0	475.0	480.0	485.0	490.0	495.0	500.0	505.0	510.0	515.0	520.0	525.0	530.0	535.0	540.0	545.0	550.0	555.0	560.0	565.0	570.0	575.0	580.0	585.0	590.0	595.0	600.0
230.0	-144.0	78.51	686.1	199.5	-40.43	-39.44	-34.29	-28.55	-24.16	-20.90	-18.10	-15.33	-13.28	-11.35	-9.679	-8.406	-7.464	-6.778	-6.277	-5.781	-5.446	-5.021	-4.780	-4.665	-4.474	-4.365	-4.189	-4.185	-4.280	-4.210	-4.048	-3.944	-3.802	-3.634	-3.424	-3.088	-3.010	-3.047	-2.984	-2.964	-2.909	-2.918	-2.893	-2.821	-2.757	-2.758	-2.421	-1.975	-0.204	0.789	-0.444	-2.090	-2.388	-2.428	-2.439	-2.538	-2.696	-2.683	-2.686	-2.715	-2.726	-2.758	-2.782	-2.809	-2.822	-2.829	-2.838	-2.840	-2.882	-2.911	-2.928	-2.938	-2.977	-2.985	-3.002	-3.095	-3.141
235.0	-130.1	-55.53	410.1	 1008	302.0	-25.80	-32.53	-28.62	-24.25	-20.78	-17.78	-15.55	-13.24	-11.65	-9.873	-8.497	-7.387	-6.742	-6.104	-5.636	-5.446	-5.035	-4.753	-4.560	-4.556	-4.428	-4.085	-4.192	-4.240	-4.102	-4.008	-3.872	-3.827	-3.555	-3.368	-3.176	-3.087	-3.061	-2.994	-2.928	-2.932	-2.964	-2.883	-2.818	-2.659	-2.669	-2.426	-2.376	-1.701	-0.402	1.545	2.714	0.607	-1.753	-2.423	-2.489	-2.659	-2.632	-2.682	-2.747	-2.672	-2.737	-2.802	-2.800	-2.815	-2.802	-2.841	-2.850	-2.879	-2.875	-2.922	-2.958	-2.958	-2.991	-3.026	-3.085	-3.163
240.0	-108.3	-61.34	72.41	851.7	 1342	238.6	-28.12	-28.12	-24.48	-20.56	-17.36	-15.34	-12.98	-11.38	-9.634	-8.453	-7.220	-6.863	-6.139	-5.566	-5.422	-5.024	-4.652	-4.525	-4.327	-4.338	-4.225	-4.209	-4.216	-4.266	-4.031	-3.814	-3.610	-3.516	-3.331	-3.165	-3.182	-3.091	-2.951	-2.916	-2.881	-2.920	-2.898	-2.784	-2.696	-2.551	-2.288	-2.463	-2.166	-1.587	-0.581	1.907	4.651	3.722	-0.355	-2.293	-2.665	-2.681	-2.704	-2.739	-2.705	-2.765	-2.769	-2.793	-2.748	-2.824	-2.809	-2.875	-2.895	-2.864	-2.928	-2.950	-2.948	-2.986	-3.034	-3.084	-3.140
245.0	-118.2	-5.888	-10.79	249.0	 1317	 1364	150.2	-24.52	-23.73	-20.50	-17.37	-15.13	-12.31	-10.59	-9.586	-7.998	-7.165	-6.776	-6.064	-5.646	-5.435	-4.853	-4.765	-4.673	-4.346	-4.306	-4.104	-4.120	-4.293	-4.167	-3.981	-3.729	-3.753	-3.630	-3.442	-3.147	-3.258	-3.084	-2.912	-2.867	-2.911	-2.931	-2.859	-2.801	-2.667	-2.599	-2.112	-2.124	-2.088	-1.941	-1.599	-1.131	1.119	4.582	5.996	2.446	-1.299	-2.612	-2.694	-2.730	-2.729	-2.733	-2.723	-2.784	-2.775	-2.815	-2.859	-2.869	-2.872	-2.894	-2.929	-2.955	-2.944	-2.972	-3.001	-3.087	-3.142
250.0	-135.4	-30.31	83.67	79.42	381.2	 1217	 1584	561.3	4.925	-19.06	-16.52	-14.94	-12.11	-11.05	-9.431	-8.155	-7.106	-6.574	-6.182	-5.506	-5.282	-4.981	-4.666	-4.536	-4.361	-4.197	-4.131	-4.124	-4.242	-4.135	-4.001	-3.948	-3.769	-3.629	-3.464	-3.194	-3.216	-3.140	-2.921	-2.870	-2.799	-2.896	-2.886	-2.814	-2.749	-2.680	-2.353	-2.168	-1.719	-1.392	-1.541	-1.956	-1.513	-0.459	1.666	3.932	5.814	5.541	2.121	-1.354	-2.574	-2.708	-2.741	-2.802	-2.803	-2.796	-2.852	-2.862	-2.897	-2.908	-2.928	-2.955	-2.946	-2.953	-3.006	-3.072	-3.152
255.0	-142.8	-85.58	56.74	206.1	124.5	281.5	 1120	 2411	247.6	4.171	-15.14	-13.93	-11.58	-10.26	-8.972	-8.016	-6.850	-6.520	-5.900	-5.486	-5.016	-4.782	-4.680	-4.418	-4.279	-4.250	-4.123	-4.232	-4.073	-4.071	-4.014	-3.936	-3.732	-3.573	-3.455	-3.114	-3.224	-3.156	-3.070	-2.971	-2.873	-2.853	-2.858	-2.821	-2.727	-2.713	-2.427	-2.413	-2.103	-1.546	-1.024	-0.966	-1.630	-1.900	-1.462	-0.961	0.073	3.539	9.119	10.15	4.949	-1.162	-2.659	-2.793	-2.755	-2.796	-2.814	-2.821	-2.887	-2.868	-2.922	-2.907	-2.961	-2.971	-2.975	-3.074	-3.164
260.0	-145.1	-102.1	-28.12	185.8	239.5	79.46	307.3	 1812	 2145	204.5	-7.394	-12.56	-10.77	-9.720	-8.836	-7.985	-7.045	-6.579	-5.741	-5.538	-5.084	-4.781	-4.764	-4.359	-4.370	-4.186	-4.053	-4.081	-4.051	-4.060	-4.050	-3.778	-3.673	-3.606	-3.409	-3.103	-3.124	-3.098	-3.084	-2.965	-2.929	-2.885	-2.831	-2.788	-2.742	-2.715	-2.386	-2.475	-2.272	-1.872	-1.491	-1.057	-0.773	-1.369	-2.002	-2.100	-1.937	-1.133	1.825	7.681	13.24	11.69	3.357	-2.075	-2.766	-2.817	-2.792	-2.849	-2.874	-2.856	-2.911	-2.930	-2.944	-2.956	-2.999	-3.087	-3.169
265.0	-143.5	-106.0	-62.95	45.78	311.1	191.0	68.12	565.0	 2353	 1878	154.6	-10.03	-9.777	-9.684	-7.965	-7.644	-6.816	-6.371	-5.510	-5.245	-5.163	-4.925	-4.527	-4.359	-4.179	-4.228	-4.075	-4.063	-4.158	-4.080	-3.953	-3.796	-3.702	-3.616	-3.447	-3.146	-3.196	-3.142	-3.092	-2.927	-2.935	-2.862	-2.818	-2.787	-2.678	-2.626	-2.403	-2.430	-2.273	-1.896	-1.789	-1.881	-1.287	-0.392	-0.903	-1.964	-2.313	-2.249	-1.534	0.194	4.337	11.64	16.45	10.28	1.172	-2.477	-2.782	-2.816	-2.870	-2.872	-2.904	-2.883	-2.910	-2.967	-2.985	-2.993	-3.169
270.0	-141.9	-104.8	-67.56	-28.28	108.8	320.4	211.4	149.9	723.4	 2017	 2491	672.4	18.44	-7.908	-7.670	-6.981	-6.430	-6.083	-5.526	-5.268	-4.899	-4.787	-4.426	-4.396	-4.150	-4.184	-4.072	-4.057	-4.118	-4.117	-3.987	-3.826	-3.639	-3.549	-3.396	-3.143	-3.138	-3.127	-3.053	-2.957	-2.926	-2.939	-2.865	-2.831	-2.729	-2.611	-2.380	-2.430	-2.255	-1.984	-1.887	-2.187	-2.053	-1.634	-0.943	-0.745	-0.807	-1.823	-2.133	-1.865	-0.918	1.306	5.129	10.18	13.74	12.94	6.890	0.395	-2.630	-2.886	-2.845	-2.902	-2.926	-2.955	-3.001	-2.996	-3.129
275.0	-130.7	-84.36	-54.84	-34.90	1.839	121.2	428.2	276.0	236.1	567.5	 1718	 4015	945.9	17.43	-6.418	-6.155	-5.634	-5.350	-5.469	-5.191	-4.922	-4.786	-4.322	-4.351	-4.171	-4.176	-4.045	-3.881	-4.082	-4.011	-3.953	-3.846	-3.629	-3.445	-3.325	-3.107	-3.069	-3.083	-2.965	-3.010	-2.955	-2.957	-2.907	-2.829	-2.711	-2.479	-2.319	-2.375	-2.143	-1.911	-1.819	-2.202	-2.163	-2.182	-2.013	-1.720	-0.769	0.085	-0.233	-1.621	-2.019	-1.375	-0.550	0.642	2.265	6.327	15.48	20.37	10.84	0.516	-2.656	-2.823	-2.869	-2.948	-2.998	-2.989	-3.118
280.0	-115.8	-50.56	-25.52	-16.40	-1.550	42.15	277.8	606.6	277.9	328.5	707.5	 2714	 4164	670.6	1.348	-4.971	-5.285	-4.810	-5.212	-5.238	-4.519	-4.549	-4.270	-4.279	-3.950	-4.047	-3.968	-4.023	-4.010	-3.966	-3.958	-3.841	-3.616	-3.460	-3.275	-3.047	-3.111	-3.057	-3.033	-2.971	-2.912	-2.984	-2.873	-2.833	-2.706	-2.528	-2.187	-2.248	-2.091	-1.877	-1.741	-2.148	-2.245	-2.260	-2.147	-2.129	-1.795	-0.994	0.418	0.956	-0.783	-1.204	-1.347	-0.914	-0.490	0.621	3.685	11.53	20.98	19.97	6.637	-1.758	-2.822	-2.885	-2.961	-2.983	-3.093
285.0	-84.96	-16.01	18.23	12.51	24.18	51.99	161.2	570.3	787.5	536.1	618.0	 1154	 3339	 3751	91.02	-2.979	-4.186	-4.365	-4.997	-4.790	-4.445	-4.300	-4.161	-4.292	-3.756	-3.918	-3.925	-3.993	-4.046	-4.054	-3.841	-3.817	-3.649	-3.572	-3.324	-3.035	-3.095	-3.086	-3.043	-2.941	-2.869	-2.922	-2.904	-2.791	-2.695	-2.501	-2.111	-2.048	-1.954	-1.714	-1.636	-2.061	-2.181	-2.248	-2.038	-2.151	-2.030	-1.634	-0.797	0.884	1.891	1.028	-0.414	-0.408	-0.263	0.008	0.469	2.515	6.370	15.88	22.64	15.24	3.392	-2.549	-2.880	-3.033	-3.116
290.0	-35.70	56.83	86.86	66.73	68.33	98.69	194.1	438.8	919.6	 1229	 1020	962.3	 1278	 2679	 3192	403.4	16.10	-3.202	-4.133	-4.133	-4.062	-3.937	-4.148	-4.010	-3.808	-3.862	-3.869	-3.943	-3.932	-3.964	-3.837	-3.836	-3.615	-3.435	-3.177	-2.978	-3.035	-3.036	-2.946	-2.913	-2.883	-2.927	-2.877	-2.737	-2.587	-2.377	-1.985	-1.804	-1.720	-1.467	-1.532	-1.858	-1.966	-2.022	-1.855	-1.868	-1.865	-1.625	-1.100	-0.506	0.804	2.162	2.771	2.858	2.373	1.406	1.455	1.375	1.499	3.101	6.984	12.18	17.74	15.54	8.947	1.400	-2.573
295.0	-0.133	130.6	192.5	135.2	133.3	188.4	302.1	496.5	867.9	 1502	 1797	 1276	905.6	901.5	 1777	 3974	601.0	19.72	-2.082	-3.390	-3.528	-3.835	-3.769	-3.939	-3.506	-3.729	-3.804	-3.720	-3.866	-3.685	-3.674	-3.706	-3.503	-3.329	-3.211	-2.913	-2.919	-2.909	-2.951	-2.840	-2.825	-2.905	-2.738	-2.625	-2.421	-2.249	-1.771	-1.689	-1.549	-1.111	-1.272	-1.536	-1.636	-1.735	-1.645	-1.505	-1.426	-1.128	-0.707	-0.095	0.561	1.551	2.566	4.720	6.895	5.326	3.115	2.670	1.481	0.917	0.973	1.834	3.107	6.207	16.87	24.28	14.63
300.0	37.60	225.6	285.2	232.9	230.6	304.9	402.7	711.2	 1099	 1672	 2421	 2081	 1222	786.3	828.8	 2661	 4074	453.1	9.578	-2.293	-2.966	-3.578	-3.649	-3.553	-3.488	-3.636	-3.679	-3.416	-3.776	-3.591	-3.648	-3.597	-3.438	-3.269	-2.963	-2.926	-2.974	-2.963	-2.880	-2.784	-2.837	-2.885	-2.688	-2.483	-2.274	-2.124	-1.590	-1.496	-1.141	-0.958	-0.919	-1.155	-1.325	-1.187	-1.053	-0.935	-0.705	-0.524	0.174	0.884	1.529	2.565	3.609	5.004	7.398	9.102	7.979	5.581	3.693	2.256	1.720	0.522	0.739	1.227	4.379	12.17	23.76
305.0	79.83	298.0	412.0	341.3	339.7	456.5	664.9	 1014	 1489	 2099	 2746	 3122	 2001	 1183	956.9	 1255	 3622	 3519	64.54	2.062	-2.256	-2.858	-3.087	-3.292	-3.186	-3.295	-3.531	-3.433	-3.382	-3.718	-3.577	-3.497	-3.306	-3.237	-2.980	-2.903	-2.972	-2.876	-2.849	-2.804	-2.775	-2.810	-2.764	-2.474	-2.183	-2.103	-1.380	-1.021	-0.752	-0.520	-0.522	-0.626	-0.916	-0.688	-0.519	-0.152	0.170	0.854	1.512	2.314	3.085	4.619	5.909	6.817	8.223	9.795	11.44	11.09	8.274	5.336	4.467	2.654	2.036	1.801	1.918	3.435	8.208
310.0	119.0	379.3	528.1	466.9	481.4	601.0	864.4	 1239	 1689	 2281	 2805	 3167	 2775	 1730	 1190	964.5	 1606	 2774	 2827	277.3	11.80	-1.966	-2.481	-2.865	-3.157	-3.177	-3.134	-3.312	-3.322	-3.625	-3.493	-3.537	-3.294	-3.237	-3.042	-2.887	-2.833	-2.876	-2.786	-2.746	-2.695	-2.837	-2.663	-2.472	-2.180	-1.892	-1.241	-0.900	-0.439	-0.257	-0.247	-0.210	-0.239	-0.059	0.122	0.307	0.976	1.741	2.371	3.205	4.002	5.536	6.693	7.830	8.761	9.673	10.17	11.48	11.39	9.670	7.094	4.739	3.626	3.284	2.368	1.948	2.904
315.0	184.4	490.7	666.3	615.2	623.1	744.2	 1036	 1401	 1848	 2416	 2918	 3135	 2888	 2429	 1500	 1022	 1102	 1010	 1629	 3215	429.7	10.90	-1.205	-2.297	-2.770	-3.009	-2.949	-3.376	-3.378	-3.407	-3.516	-3.389	-3.077	-3.187	-2.974	-2.905	-2.797	-2.777	-2.835	-2.818	-2.757	-2.762	-2.582	-2.398	-2.183	-1.530	-0.937	-0.427	-0.043	0.147	0.225	0.361	0.399	0.272	0.766	1.467	1.743	2.681	3.067	3.994	4.824	6.228	7.383	8.634	9.307	10.05	10.12	11.22	11.21	10.11	10.21	8.949	6.143	4.673	2.932	2.243	2.045
320.0	242.8	584.0	773.9	707.9	695.4	828.4	 1136	 1517	 1945	 2488	 2970	 3174	 2864	 2563	 1888	 1106	 1034	635.6	519.8	 2122	 3011	328.6	2.711	-1.508	-2.430	-2.741	-2.897	-3.164	-3.435	-3.193	-3.333	-3.334	-3.146	-3.094	-3.005	-2.732	-2.827	-2.785	-2.794	-2.740	-2.720	-2.647	-2.623	-2.367	-2.069	-1.464	-0.878	-0.079	0.293	0.510	0.528	0.783	0.556	0.737	1.249	1.631	2.047	2.936	3.622	4.389	5.124	6.648	7.441	8.349	9.367	10.05	10.51	11.00	10.94	9.896	9.303	9.246	8.628	6.651	4.365	2.618	2.266
325.0	268.7	651.0	842.7	753.2	728.3	847.5	 1157	 1530	 1945	 2483	 2904	 3105	 2793	 2351	 2021	 1230	969.6	547.0	248.3	648.4	 2537	 2468	46.16	0.025	-1.589	-2.388	-2.562	-3.048	-3.330	-3.304	-3.265	-3.448	-3.243	-3.022	-2.940	-2.613	-2.911	-2.709	-2.696	-2.669	-2.708	-2.584	-2.652	-2.368	-2.163	-1.369	-0.719	0.047	0.561	0.695	0.607	0.842	0.833	0.530	1.080	1.521	1.903	2.806	3.615	4.180	4.996	6.176	7.133	8.200	8.769	9.973	10.20	10.70	10.79	9.643	8.600	7.874	8.395	8.046	5.702	3.175	2.384
330.0	286.0	695.9	946.0	883.9	821.6	881.0	 1149	 1525	 1907	 2377	 2772	 2959	 2661	 2165	 1702	 1368	 1019	511.4	218.8	236.3	745.3	 1957	 2214	220.1	10.42	-1.501	-2.285	-2.835	-3.125	-3.129	-3.303	-3.207	-3.094	-3.018	-2.933	-2.669	-2.828	-2.808	-2.758	-2.700	-2.617	-2.643	-2.565	-2.329	-1.948	-1.484	-0.634	0.326	0.976	0.919	1.047	1.090	1.154	0.784	1.196	1.571	2.146	2.855	3.800	4.131	4.798	6.064	6.695	8.039	8.385	8.881	9.376	9.704	9.790	8.996	8.230	6.933	6.111	5.945	5.266	4.419	3.549
335.0	301.0	727.9	 1035	997.2	908.9	930.1	 1179	 1515	 1866	 2266	 2646	 2814	 2559	 2075	 1472	 1149	 1164	603.8	252.4	184.1	259.4	517.8	 1375	 2641	357.4	10.26	-1.331	-2.393	-2.940	-3.061	-3.238	-3.282	-2.983	-3.072	-2.853	-2.746	-2.683	-2.764	-2.661	-2.686	-2.679	-2.734	-2.602	-2.292	-1.802	-1.367	-0.575	0.465	1.009	1.313	1.382	1.500	1.316	1.156	1.253	1.633	2.109	2.989	3.547	4.143	4.785	5.394	6.511	7.421	8.034	8.551	8.446	9.592	9.022	8.276	7.525	6.822	5.680	4.102	3.693	3.097	3.579
340.0	285.4	727.1	 1061	 1084	981.5	976.7	 1176	 1498	 1795	 2179	 2504	 2663	 2433	 2001	 1377	982.7	 1017	779.4	322.7	206.0	185.0	209.0	419.4	 1884	 2555	277.8	1.767	-1.668	-2.428	-2.870	-2.997	-3.244	-2.849	-2.866	-2.920	-2.745	-2.678	-2.651	-2.683	-2.677	-2.605	-2.644	-2.537	-2.341	-1.834	-1.220	-0.351	0.511	0.972	1.489	1.643	1.831	1.514	1.421	1.227	1.497	2.110	2.740	3.146	4.232	4.729	5.390	5.877	6.417	7.414	7.834	7.613	8.135	8.328	7.821	7.446	6.731	5.115	4.119	3.209	1.877	2.180
345.0	286.3	703.1	 1062	 1117	 1016	993.4	 1178	 1483	 1744	 2049	 2349	 2487	 2278	 1886	 1301	894.4	808.5	810.6	486.0	249.6	199.2	167.2	181.8	595.7	 2289	 2002	39.41	-0.512	-2.021	-2.542	-2.714	-2.991	-2.906	-2.775	-2.874	-2.768	-2.595	-2.767	-2.761	-2.517	-2.607	-2.598	-2.645	-2.361	-1.766	-1.284	-0.641	0.249	1.039	1.561	1.679	2.132	1.653	1.315	1.605	1.592	2.275	2.547	3.121	3.730	4.523	4.931	5.573	5.990	6.570	7.510	7.055	7.512	7.311	6.763	6.599	6.051	4.424	3.879	2.524	1.471	1.507
350.0	256.8	651.6	 1020	 1096	 1020	984.2	 1142	 1393	 1623	 1894	 2132	 2250	 2062	 1713	 1184	826.3	696.5	634.1	613.0	420.9	258.1	199.6	165.3	219.2	693.8	 1681	 1797	192.9	7.947	-1.675	-2.412	-2.777	-2.878	-2.854	-2.698	-2.650	-2.700	-2.718	-2.755	-2.498	-2.595	-2.656	-2.523	-2.348	-1.911	-1.399	-0.852	-0.063	0.844	1.299	1.658	2.093	1.965	1.806	1.555	1.459	2.088	2.142	2.835	3.597	3.848	4.424	4.884	5.355	5.791	6.133	6.095	6.879	6.372	5.932	5.734	5.149	3.755	2.951	1.889	1.266	0.832
355.0	234.8	601.6	940.1	 1085	 1019	980.3	 1110	 1308	 1509	 1706	 1921	 2004	 1832	 1547	 1087	777.0	653.7	555.2	522.6	594.2	411.4	261.4	207.0	172.2	232.8	439.4	 1208	 2096	309.7	6.802	-1.463	-2.426	-2.557	-2.951	-2.532	-2.594	-2.750	-2.692	-2.639	-2.477	-2.631	-2.594	-2.469	-2.358	-1.874	-1.603	-0.843	-0.197	0.649	1.149	1.764	1.890	1.674	1.889	1.593	1.235	1.893	1.771	2.741	3.068	3.457	3.765	4.202	4.753	4.673	4.864	5.330	5.724	5.901	4.908	5.235	4.416	3.387	2.606	1.560	1.355	0.695
360.0	194.1	550.4	938.4	 1083	 1012	973.4	 1072	 1261	 1427	 1596	 1761	 1843	 1693	 1442	 1027	751.9	641.6	555.8	487.6	560.1	571.5	355.1	252.3	193.6	158.5	167.2	360.8	 1563	 1986	239.6	2.035	-1.810	-2.443	-2.637	-2.637	-2.576	-2.663	-2.717	-2.597	-2.407	-2.616	-2.570	-2.496	-2.337	-1.979	-1.636	-0.973	-0.368	0.454	1.176	1.589	1.703	1.763	1.832	1.718	1.444	1.873	1.898	2.528	2.916	2.662	3.230	4.064	3.861	4.457	4.627	4.791	4.740	4.552	4.767	4.269	4.029	3.184	2.232	1.208	1.106	0.557
365.0	196.6	513.6	896.1	 1049	 1013	982.6	 1045	 1211	 1330	 1498	 1633	 1690	 1559	 1341	968.5	739.2	642.0	565.0	504.9	505.6	605.0	501.1	316.1	236.3	178.6	134.5	147.7	501.3	 1873	 1680	37.28	-0.230	-2.142	-2.500	-2.528	-2.502	-2.578	-2.663	-2.733	-2.460	-2.711	-2.586	-2.496	-2.340	-1.963	-1.640	-1.101	-0.347	0.390	1.030	1.277	1.604	1.616	1.781	1.596	1.563	1.469	1.913	2.363	2.394	2.789	3.038	3.337	3.456	3.598	3.941	4.309	4.569	3.785	4.165	3.665	3.502	2.839	1.883	1.247	0.999	0.703
370.0	160.4	493.3	843.8	999.6	999.5	950.2	 1001	 1135	 1241	 1372	 1497	 1526	 1406	 1220	909.6	725.7	646.3	595.4	553.3	534.3	550.7	601.5	487.7	323.5	242.1	182.8	145.6	194.0	587.6	 1467	 1565	176.7	7.557	-1.691	-2.137	-2.417	-2.530	-2.519	-2.622	-2.416	-2.645	-2.582	-2.508	-2.401	-2.148	-1.744	-1.079	-0.561	0.321	0.825	1.182	1.716	1.486	1.668	1.498	1.499	1.422	1.770	2.030	1.928	2.470	2.616	2.850	2.966	3.231	3.107	3.405	3.746	3.419	3.175	3.049	2.953	2.361	1.565	1.096	1.119	0.750
375.0	148.7	453.6	820.4	996.7	982.2	950.2	968.0	 1075	 1155	 1244	 1339	 1374	 1266	 1101	857.1	709.4	653.0	616.6	590.2	574.5	558.8	557.3	606.3	464.4	318.2	244.0	188.0	161.2	211.9	394.3	 1060	 1782	276.4	5.849	-1.607	-2.032	-2.302	-2.504	-2.545	-2.492	-2.606	-2.653	-2.557	-2.376	-2.111	-1.897	-1.151	-0.640	-0.009	0.568	1.102	1.725	1.616	1.642	1.502	1.465	1.695	1.984	1.838	1.889	2.148	2.248	2.383	2.383	2.515	2.476	3.103	3.044	2.672	2.539	2.533	2.488	2.098	1.277	0.876	0.845	0.720
380.0	130.6	448.7	799.9	971.2	963.4	920.2	934.7	 1016	 1084	 1168	 1245	 1262	 1169	 1020	811.9	691.1	655.4	632.5	611.4	595.7	578.0	552.8	575.4	582.2	404.7	283.2	221.1	174.0	145.3	151.8	315.8	 1341	 1611	203.1	0.357	-1.447	-1.937	-2.344	-2.359	-2.258	-2.434	-2.629	-2.524	-2.438	-2.146	-1.829	-1.147	-0.677	0.190	0.666	1.198	1.423	1.783	1.959	1.214	1.534	1.660	1.855	1.422	1.615	1.790	2.027	2.186	2.006	2.299	2.267	2.448	2.658	2.140	2.111	2.229	1.962	1.708	1.415	0.839	0.692	0.761
385.0	109.1	436.1	758.4	949.9	957.2	922.7	922.5	993.3	 1034	 1097	 1175	 1166	 1094	971.7	778.5	680.2	643.4	638.5	625.2	608.8	594.7	558.7	539.9	579.1	501.8	331.0	249.5	192.5	146.8	107.5	117.6	420.8	 1468	 1277	30.01	-0.544	-1.601	-2.216	-2.340	-2.326	-2.514	-2.624	-2.426	-2.357	-2.270	-1.827	-1.215	-0.694	0.020	0.611	1.231	1.242	1.634	1.836	1.279	1.301	1.193	1.433	1.519	1.686	1.659	1.534	1.984	1.902	2.006	2.048	2.170	2.473	1.927	1.523	2.042	1.926	1.279	1.154	0.780	0.456	0.759
390.0	96.73	394.4	739.0	931.7	953.5	893.9	889.9	934.2	971.8	 1020	 1073	 1065	 1002	894.6	736.3	660.4	637.7	633.1	623.4	614.5	597.4	573.7	540.5	519.7	526.7	443.9	299.7	223.7	169.2	120.4	87.98	133.4	433.2	 1050	 1104	142.7	5.710	-1.707	-2.046	-2.070	-2.405	-2.617	-2.526	-2.400	-2.253	-1.919	-1.397	-0.599	-0.094	0.385	0.989	1.358	1.549	1.534	1.243	1.373	1.168	1.460	1.294	1.278	1.339	1.448	1.494	1.670	1.834	1.743	1.824	1.719	1.632	1.445	1.493	1.423	1.265	0.842	0.832	0.647	0.582
395.0	87.52	365.6	718.1	915.2	917.7	886.4	853.1	895.5	925.4	951.2	985.5	977.0	915.4	828.9	699.8	637.4	620.0	619.2	615.1	610.8	596.5	580.1	544.9	506.6	473.7	482.7	403.8	268.2	196.9	142.8	100.5	82.60	130.5	266.5	730.4	 1391	224.2	4.429	-1.318	-1.817	-2.287	-2.461	-2.545	-2.329	-2.210	-1.774	-1.409	-0.718	-0.090	0.334	0.864	1.111	1.424	1.552	1.263	1.115	1.183	1.252	0.952	1.342	1.218	1.372	1.344	1.164	1.129	1.496	1.177	1.404	1.368	0.895	1.213	0.832	1.045	0.491	0.293	0.559	0.622
400.0	71.93	346.6	702.8	874.0	893.3	872.2	852.4	855.4	878.2	896.9	922.6	920.5	856.4	782.6	672.0	622.5	606.5	601.6	599.9	600.8	591.4	573.2	539.9	502.5	456.5	443.9	453.2	326.8	222.6	161.4	118.2	84.79	73.84	90.85	212.7	 1038	 1185	32.04	0.753	-1.330	-2.104	-2.378	-2.404	-2.290	-2.216	-1.827	-1.248	-0.831	-0.190	0.455	0.689	1.145	1.154	1.344	1.165	1.129	1.136	1.152	1.004	1.039	1.235	1.152	1.526	0.967	0.827	1.218	1.097	1.152	0.903	0.903	0.890	0.890	0.709	0.411	0.282	0.645	0.479
405.0	50.95	334.1	682.6	836.5	898.3	848.3	826.7	831.8	851.6	859.6	878.4	873.2	819.7	740.1	646.0	596.5	590.1	586.8	584.9	582.1	581.9	564.8	534.6	496.7	451.5	409.0	424.9	392.7	258.1	183.4	137.2	102.1	74.88	62.39	77.90	318.3	 1056	928.5	26.44	0.028	-1.941	-2.295	-2.371	-2.258	-2.086	-1.925	-1.418	-0.861	-0.108	0.414	0.655	1.026	1.249	1.392	1.070	1.209	0.921	0.711	1.018	1.114	0.783	1.101	1.031	0.821	1.224	0.933	0.893	0.972	0.961	0.779	0.910	0.477	0.331	0.343	0.156	0.348	0.421
410.0	44.60	303.9	631.0	792.3	839.4	822.5	805.3	817.7	815.0	817.4	825.4	817.2	759.6	682.4	608.3	566.7	553.5	557.9	556.2	552.5	550.8	537.7	515.5	480.8	437.4	395.5	372.0	378.7	331.6	224.8	159.6	122.2	90.73	70.20	59.25	103.1	315.6	767.9	805.8	394.8	4.595	-1.956	-2.293	-2.312	-2.101	-1.874	-1.514	-1.027	-0.260	0.207	0.552	1.022	1.034	1.143	1.128	1.098	0.959	0.754	1.192	0.954	0.711	0.944	0.796	0.783	0.885	0.701	0.636	0.723	0.557	0.456	0.619	0.298	0.463	0.411	0.068	-0.038	0.258
415.0	20.68	284.1	590.5	756.0	818.2	792.9	786.8	800.6	785.9	776.0	774.6	742.5	701.0	645.5	566.1	530.3	518.3	524.0	520.7	520.1	517.0	505.9	485.5	459.8	424.9	384.1	349.7	326.7	333.9	291.8	191.3	135.9	106.3	80.44	62.51	60.03	96.98	194.2	492.8	 1660	196.1	2.798	-1.848	-2.228	-1.924	-1.878	-1.452	-1.056	-0.435	0.052	0.403	0.764	0.689	0.834	1.076	1.075	0.844	0.617	0.945	0.799	0.813	0.723	0.603	0.671	0.662	0.458	0.629	0.318	0.242	0.079	0.290	0.085	0.242	0.133	0.005	-0.126	-0.086
420.0	32.04	260.4	537.2	711.7	781.7	762.8	748.2	757.5	740.1	741.0	736.3	708.5	656.7	598.3	537.6	504.5	491.0	494.2	492.0	489.1	488.4	480.8	467.0	437.3	409.4	374.5	342.2	310.2	301.4	310.1	234.6	150.3	116.7	89.25	67.83	52.66	51.33	63.31	137.7	 1136	840.5	29.86	-0.291	-1.993	-1.781	-1.847	-1.410	-1.224	-0.581	0.099	0.431	0.491	0.680	0.645	0.845	0.824	0.898	0.602	0.794	0.603	0.581	0.191	0.651	0.587	0.290	0.174	0.646	0.546	0.162	0.184	0.055	-0.129	0.100	-0.189	-0.126	-0.408	-0.104
425.0	7.893	237.9	504.1	685.7	744.3	745.1	732.8	738.5	718.9	701.9	703.5	683.5	625.5	571.7	515.0	480.4	465.3	469.2	467.9	464.7	465.5	460.2	445.5	422.8	396.7	362.7	338.0	302.5	278.1	284.3	270.7	175.8	126.6	94.49	72.58	55.96	42.85	36.88	45.85	333.0	714.5	643.3	23.23	-1.116	-1.788	-1.817	-1.544	-1.137	-0.592	-0.228	0.421	0.611	0.561	0.692	0.681	0.644	0.645	0.591	0.631	0.626	0.654	0.440	0.500	0.338	0.025	-0.006	0.368	0.220	0.113	-0.095	-0.141	-0.244	-0.163	-0.119	-0.265	-0.440	-0.389
430.0	7.298	223.4	477.4	640.6	696.9	711.6	696.2	713.1	693.6	679.8	673.0	644.2	587.8	535.6	482.4	451.4	439.0	436.9	436.8	435.7	429.3	426.7	415.7	399.0	374.9	352.1	325.1	297.7	271.9	254.5	254.0	221.5	153.3	107.2	82.48	62.85	48.59	35.56	29.21	87.36	205.6	540.0	475.2	110.4	3.917	-1.481	-1.393	-1.074	-0.701	-0.310	0.143	0.269	0.361	0.581	0.625	0.568	0.548	0.484	0.367	0.449	0.523	0.359	0.272	0.143	0.089	-0.070	0.045	-0.045	-0.216	-0.130	-0.152	-0.300	-0.365	-0.318	-0.634	-0.546	-0.308
435.0	0.436	191.4	447.8	601.7	652.2	672.3	667.7	676.0	663.7	666.4	634.7	605.9	554.2	506.8	459.2	423.4	413.0	409.2	412.5	404.3	402.4	401.3	388.5	374.7	356.2	332.9	314.8	293.1	268.8	244.3	224.6	222.6	199.5	130.9	92.03	73.26	56.79	41.92	30.19	36.95	57.70	132.4	354.0	719.9	178.2	4.011	-1.053	-1.116	-0.778	-0.491	0.182	0.227	0.470	0.322	0.407	0.422	0.185	0.241	0.095	0.300	0.386	0.331	0.207	0.131	0.009	0.072	0.059	-0.097	-0.335	-0.363	-0.437	-0.278	-0.608	-0.626	-0.821	-0.621	-0.512
440.0	4.216	171.0	412.7	571.2	612.4	644.0	653.7	660.7	640.3	639.4	616.5	579.1	535.3	490.4	434.4	403.3	390.4	391.0	388.6	377.7	383.6	380.8	368.9	356.1	341.8	322.1	307.9	287.1	262.4	242.3	213.7	201.6	207.4	161.2	104.2	79.66	62.46	48.12	34.88	29.39	27.35	40.29	99.88	521.4	751.9	137.0	0.676	-0.825	-0.575	-0.429	0.073	0.261	0.263	0.142	0.286	0.360	0.157	0.233	0.078	0.222	0.325	0.240	0.061	0.085	0.036	-0.030	-0.296	-0.109	-0.251	-0.201	-0.327	-0.364	-0.668	-0.788	-0.999	-0.906	-0.832
445.0	19.22	168.3	384.7	542.9	602.9	635.0	627.2	636.5	631.1	612.4	587.2	566.3	520.2	465.0	423.3	380.5	368.7	371.5	359.0	360.1	357.4	357.7	349.5	339.2	327.9	309.3	294.9	278.4	259.8	240.4	212.0	189.2	187.7	183.7	122.3	86.03	67.17	51.67	39.15	31.10	23.69	21.80	31.45	158.1	646.7	610.0	21.75	-0.421	-0.598	-0.352	0.013	0.171	-0.014	0.076	0.305	0.108	0.151	0.152	0.242	0.022	0.261	-0.173	-0.028	0.064	0.093	-0.153	-0.172	-0.298	-0.434	-0.424	-0.505	-0.676	-0.804	-0.561	-0.953	-0.908	-0.863
450.0	13.94	210.7	360.7	499.8	563.1	593.4	587.9	597.0	596.2	582.2	561.8	536.5	482.9	434.0	392.1	355.0	344.4	339.9	334.8	328.6	328.2	328.5	322.2	314.4	302.8	290.8	277.3	266.6	249.3	231.2	208.9	182.5	164.8	163.7	147.3	102.6	72.93	57.71	45.19	34.95	27.21	20.89	18.48	44.13	185.2	455.4	519.5	106.6	4.558	-0.072	-0.097	0.013	-0.135	0.059	0.115	-0.057	0.170	0.039	0.124	-0.049	-0.071	-0.096	-0.046	-0.086	-0.391	-0.359	-0.417	-0.493	-0.644	-0.594	-0.852	-0.613	-0.948	-0.765	-1.244	-1.082	-1.048
455.0	-19.87	275.1	400.0	455.6	523.7	536.4	550.5	553.6	555.8	538.4	529.4	497.4	445.1	399.0	357.7	326.8	313.7	308.7	302.3	298.7	297.2	294.5	290.8	283.1	276.6	263.7	256.7	245.9	235.7	220.8	202.9	176.7	155.9	138.8	138.6	128.5	86.70	64.58	50.47	39.96	31.10	23.91	18.35	20.90	49.17	109.4	290.5	607.3	150.7	3.407	0.157	-0.180	-0.295	0.012	-0.024	-0.094	0.062	-0.272	-0.141	-0.194	-0.163	-0.189	-0.566	-0.403	-0.431	-0.446	-0.501	-0.742	-0.765	-0.838	-0.788	-0.986	-0.956	-0.987	-1.228	-1.123	-1.305
460.0	-48.03	267.4	493.6	424.6	483.3	499.9	514.0	522.7	511.2	512.5	499.8	468.8	422.8	382.0	339.4	305.8	295.1	285.5	276.0	278.6	275.8	271.0	270.1	259.9	255.0	244.9	240.2	233.3	220.3	211.1	193.5	171.2	151.1	132.7	124.9	130.3	105.1	70.28	53.31	42.39	35.44	26.94	20.79	16.75	20.08	30.68	76.64	391.9	537.7	20.96	1.385	-0.302	-0.185	-0.333	-0.043	-0.345	-0.119	-0.100	-0.283	-0.355	-0.433	-0.170	-0.564	-0.477	-0.778	-0.652	-0.697	-0.885	-0.981	-0.754	-0.872	-1.103	-1.057	-1.045	-1.232	-1.373	-1.477
465.0	-54.31	171.3	638.1	451.2	442.8	458.1	489.6	490.7	483.7	482.5	475.4	441.7	399.1	350.6	311.2	283.0	273.5	263.9	256.9	256.6	250.9	249.7	250.6	241.3	237.1	228.6	224.7	217.0	209.6	199.3	185.4	166.5	144.8	128.0	113.8	114.8	111.6	79.83	57.85	45.38	37.87	29.00	22.73	17.49	14.34	14.29	22.85	110.0	432.3	430.0	17.91	0.416	-0.209	-0.013	-0.327	-0.493	-0.436	-0.246	-0.262	-0.302	-0.569	-0.423	-0.585	-0.600	-0.826	-0.731	-0.840	-0.932	-1.061	-1.027	-1.045	-1.146	-1.231	-1.257	-1.346	-1.500	-1.621
470.0	-69.38	80.15	558.5	715.4	419.9	419.9	438.1	445.1	444.0	443.8	433.7	401.8	363.2	318.1	284.7	255.2	246.2	238.3	231.8	227.4	224.0	222.1	220.3	214.3	209.8	205.0	201.9	195.7	191.9	183.6	171.8	155.2	137.8	119.9	105.5	96.24	97.56	91.83	66.82	47.75	38.72	31.11	24.54	19.37	15.13	12.17	11.74	29.21	118.7	321.0	366.1	98.25	4.325	-0.367	-0.295	-0.442	-0.593	-0.521	-0.504	-0.447	-0.757	-0.632	-0.720	-0.698	-0.915	-0.978	-1.071	-0.991	-1.204	-1.271	-1.127	-1.263	-1.331	-1.356	-1.554	-1.505	-1.689
475.0	-65.46	53.53	310.7	889.8	542.6	372.3	392.3	401.4	398.0	398.7	384.9	362.9	326.6	290.5	259.0	229.7	218.6	211.8	204.0	199.7	195.8	196.0	194.0	187.0	185.6	182.9	179.6	175.1	170.6	166.4	158.7	139.8	125.7	110.8	99.17	87.70	80.91	82.87	79.16	53.01	39.42	32.19	26.06	20.66	16.95	12.81	10.05	12.42	30.78	76.20	177.8	407.8	129.7	2.839	-0.279	-0.585	-0.716	-0.914	-0.634	-0.926	-0.760	-0.673	-0.894	-1.078	-1.027	-1.071	-0.966	-1.215	-1.256	-1.327	-1.516	-1.532	-1.563	-1.667	-1.611	-1.750	-1.837
480.0	-62.20	47.60	198.2	743.9	818.4	360.2	356.3	367.0	370.8	371.7	366.0	344.0	306.3	272.8	240.6	208.0	202.1	191.0	187.5	184.0	179.1	177.3	178.5	171.9	170.7	165.0	166.0	162.1	160.6	152.1	147.0	134.0	119.1	106.9	94.22	83.60	74.70	71.91	76.81	63.16	41.61	33.62	26.62	21.54	17.49	13.57	10.82	9.048	11.59	20.96	45.70	241.0	378.5	24.04	0.416	-0.744	-0.873	-0.955	-0.876	-0.978	-0.920	-0.971	-1.011	-1.282	-1.008	-1.166	-1.249	-1.408	-1.320	-1.533	-1.317	-1.621	-1.681	-1.699	-1.777	-1.777	-1.918
485.0	-66.13	42.02	170.5	459.6	 1025	448.9	342.6	345.3	346.2	345.1	341.0	320.4	283.9	251.5	219.7	196.1	184.5	180.4	171.1	168.5	165.5	164.0	164.3	159.9	157.1	153.4	154.2	150.8	150.0	142.8	136.6	124.3	113.4	101.7	90.96	79.19	71.76	64.77	67.33	68.22	48.83	34.22	27.45	22.39	18.09	14.91	12.16	8.693	7.698	9.195	13.26	66.71	300.9	319.1	19.08	-0.134	-0.750	-0.788	-0.951	-0.934	-0.945	-1.089	-1.223	-1.308	-1.223	-1.282	-1.467	-1.477	-1.292	-1.697	-1.392	-1.676	-1.750	-1.583	-1.945	-1.827	-2.019
490.0	-87.48	46.60	140.3	273.4	800.7	808.6	326.6	314.5	317.6	313.1	311.9	291.4	263.8	228.0	202.7	178.7	169.6	163.7	155.5	151.4	146.8	146.1	145.8	141.7	140.4	138.1	136.4	135.3	135.4	132.2	126.0	114.7	105.5	94.06	84.66	75.44	66.73	59.52	55.66	59.42	56.57	39.35	28.63	23.20	18.77	15.42	12.46	9.527	8.032	6.839	6.871	17.80	82.46	232.5	270.8	85.61	2.265	-0.770	-1.037	-1.040	-1.200	-1.240	-1.255	-1.344	-1.484	-1.306	-1.612	-1.496	-1.634	-1.536	-1.626	-1.700	-1.796	-1.831	-1.956	-2.023	-2.043
495.0	-98.39	49.77	139.3	199.7	399.3	992.7	512.8	284.2	281.4	284.6	277.7	261.1	235.3	205.9	184.3	162.9	152.0	144.9	140.5	133.4	131.6	128.1	127.5	124.5	123.6	122.5	121.9	121.2	120.3	117.8	114.4	103.0	94.16	87.25	77.78	70.71	62.32	55.03	50.13	47.34	51.93	47.03	31.46	23.06	18.68	15.54	13.34	9.964	8.397	6.787	5.909	6.938	20.83	54.80	176.3	382.4	107.0	1.041	-0.977	-1.096	-1.242	-1.230	-1.299	-1.412	-1.461	-1.537	-1.631	-1.586	-1.630	-1.682	-1.993	-1.774	-1.923	-1.864	-2.085	-2.167	-2.238
500.0	-94.39	24.66	143.9	167.8	243.1	805.8	812.7	266.4	255.8	258.7	260.4	236.0	217.2	189.9	165.6	148.1	137.9	130.9	125.8	120.5	117.4	115.7	114.1	111.6	112.6	110.3	111.1	109.8	108.8	108.1	103.2	95.55	87.48	78.83	71.40	65.08	57.25	52.45	46.38	42.20	42.40	45.35	35.34	23.90	18.42	15.58	13.19	10.23	8.866	7.390	6.260	5.038	7.097	14.25	46.16	266.0	342.9	23.37	-0.760	-0.970	-1.318	-1.360	-1.475	-1.425	-1.526	-1.532	-1.785	-1.681	-2.022	-1.889	-2.008	-1.775	-1.956	-1.936	-2.090	-2.084	-2.288
505.0	-102.5	6.166	145.4	155.7	183.7	470.2	 1041	321.3	234.0	235.7	234.0	217.4	199.1	170.9	151.9	137.3	125.1	119.6	114.4	109.5	106.6	106.1	102.7	102.0	100.8	99.18	98.99	99.30	99.65	97.88	93.31	87.49	80.40	73.05	66.65	59.92	54.55	49.43	43.28	39.16	36.23	38.80	38.48	27.24	19.17	16.33	12.80	10.96	8.450	7.684	6.096	4.694	3.783	5.093	11.79	80.38	312.0	215.2	15.16	-1.156	-1.312	-1.520	-1.694	-1.636	-1.644	-1.676	-1.784	-1.817	-1.899	-1.868	-2.046	-1.801	-2.034	-2.222	-2.266	-2.244	-2.241
510.0	-107.0	-15.95	108.6	156.5	153.6	239.5	789.2	740.8	228.6	209.4	203.9	194.4	174.5	151.2	134.3	117.5	109.1	106.5	98.92	94.55	93.58	91.91	88.78	87.33	86.38	86.35	86.78	86.37	87.22	85.14	82.94	77.11	70.64	64.98	59.35	53.63	49.14	43.88	39.12	35.50	31.97	30.86	33.53	30.88	21.75	15.63	12.79	10.77	8.939	7.653	6.446	4.737	3.406	3.297	4.207	19.26	88.77	214.8	232.2	62.19	0.432	-1.511	-1.689	-1.665	-1.838	-1.778	-1.892	-1.955	-2.015	-2.019	-2.079	-2.060	-2.203	-2.342	-2.296	-2.277	-2.445
515.0	-114.0	-34.30	59.84	166.3	138.0	156.8	358.3	 1022	403.8	182.3	176.7	164.6	151.2	134.7	116.4	103.4	95.15	89.40	85.46	83.59	79.46	77.65	76.16	74.45	73.24	72.37	74.33	73.17	74.65	71.83	71.68	66.82	60.31	56.58	51.17	47.05	43.42	39.35	35.12	31.24	27.61	25.67	24.64	28.21	25.72	16.95	12.34	9.574	8.725	7.187	6.626	5.134	3.370	2.929	2.568	5.405	20.56	50.55	159.1	263.5	25.23	-0.384	-1.673	-1.695	-1.930	-1.878	-2.116	-2.040	-2.143	-2.159	-2.172	-2.262	-2.301	-2.332	-2.428	-2.524	-2.516
520.0	-122.8	-47.75	28.36	143.8	141.0	129.5	189.9	794.9	755.6	173.1	158.7	146.8	132.5	119.5	103.5	92.70	84.97	81.67	74.52	74.84	72.17	68.23	66.79	66.47	64.59	63.80	64.92	63.84	65.29	64.58	63.76	59.04	54.75	49.72	45.14	42.17	37.51	35.19	32.37	28.43	26.08	23.06	20.00	22.86	25.37	19.36	12.64	9.175	8.432	7.195	6.019	5.142	4.010	2.713	2.039	2.428	5.077	11.79	42.25	187.6	216.3	21.20	-1.372	-1.627	-2.091	-1.791	-2.063	-2.113	-2.156	-2.120	-2.328	-2.262	-2.338	-2.304	-2.427	-2.588	-2.484
525.0	-122.5	-58.07	10.93	102.9	157.5	109.6	133.2	429.7	 1051	232.0	141.4	128.3	118.8	106.3	93.78	81.92	74.60	73.13	68.92	64.62	62.86	58.35	59.62	59.18	58.53	57.43	56.61	57.49	56.88	57.28	56.59	50.97	48.69	44.01	40.38	38.06	34.81	31.62	28.71	26.27	23.69	20.17	18.48	18.16	21.63	21.62	14.47	8.930	7.964	6.916	5.696	4.468	3.938	2.935	2.150	1.549	1.813	3.166	9.543	53.71	202.0	204.6	13.25	-1.647	-1.850	-1.899	-2.075	-2.261	-2.207	-2.238	-2.322	-2.323	-2.335	-2.348	-2.544	-2.528	-2.583
530.0	-125.7	-67.22	2.591	61.86	149.3	117.3	102.6	193.3	782.4	681.8	139.6	113.8	104.9	91.78	80.54	71.71	64.81	61.86	58.69	55.60	53.61	51.64	50.51	50.80	49.63	49.41	48.95	48.36	48.62	49.30	48.35	44.60	42.09	39.05	35.47	33.44	30.41	27.44	25.25	23.25	20.69	17.95	15.96	14.95	15.22	18.32	16.89	10.19	7.378	6.449	5.360	4.155	3.523	3.038	2.273	1.374	1.066	0.971	1.922	11.75	56.01	175.2	159.0	44.78	-0.628	-2.087	-2.118	-2.209	-2.264	-2.358	-2.449	-2.369	-2.441	-2.444	-2.492	-2.580	-2.703
535.0	-131.5	-73.14	-10.02	31.06	98.81	140.0	84.82	115.6	312.0	943.9	219.4	100.4	92.11	78.11	65.99	62.41	55.37	50.43	49.16	45.45	45.38	43.09	42.08	41.90	41.60	41.34	40.77	39.96	42.14	40.95	40.41	39.18	35.42	33.28	30.17	27.78	25.92	23.69	21.25	19.60	17.40	15.67	14.46	12.46	11.64	12.13	15.04	12.35	7.471	5.734	4.891	3.405	2.648	2.541	2.383	1.435	0.639	0.515	0.193	2.222	11.92	39.82	100.6	185.6	24.37	-1.134	-2.055	-2.342	-2.409	-2.471	-2.433	-2.513	-2.507	-2.506	-2.540	-2.602	-2.822
540.0	-130.3	-77.04	-20.80	16.97	61.00	144.4	82.64	85.63	139.1	664.4	668.0	92.60	75.85	69.26	59.33	53.65	47.79	43.84	41.38	39.73	39.36	38.46	37.65	36.27	36.36	35.84	35.93	35.99	36.71	36.14	34.74	33.12	30.60	29.08	26.90	25.04	22.34	20.68	18.94	16.59	15.41	13.87	12.77	11.28	10.23	9.375	11.30	12.93	9.393	5.281	4.356	2.888	2.431	2.231	2.140	1.556	0.471	0.165	-0.253	-0.145	2.075	8.199	25.39	125.7	172.6	19.40	-1.794	-2.310	-2.380	-2.410	-2.433	-2.526	-2.555	-2.571	-2.554	-2.654	-2.831
545.0	-129.5	-82.13	-29.19	9.934	37.69	118.6	102.7	70.00	93.63	322.4	955.4	148.0	66.51	59.06	52.99	46.38	41.73	38.69	36.68	34.47	34.49	33.97	32.31	31.93	31.20	31.92	31.03	31.34	30.68	31.61	29.65	28.25	26.87	24.56	23.68	21.37	19.94	18.00	16.73	14.65	13.09	11.56	10.93	9.811	8.959	8.580	7.917	11.09	10.23	6.219	4.211	2.937	2.282	1.899	1.421	1.459	0.851	0.146	-0.377	-0.436	-0.259	1.081	4.629	34.88	151.7	134.7	11.82	-2.214	-2.415	-2.462	-2.537	-2.568	-2.551	-2.622	-2.589	-2.697	-2.846
550.0	-133.7	-84.61	-37.67	-4.118	21.24	65.54	114.2	64.31	68.89	128.3	642.2	558.8	66.81	49.30	42.10	38.01	34.16	32.65	29.79	28.72	28.79	27.03	26.91	26.43	26.32	25.44	26.12	26.21	25.12	25.56	24.41	23.60	22.02	20.79	18.87	17.91	16.26	14.56	13.50	12.49	10.98	10.04	8.988	7.871	6.813	6.773	5.984	7.106	9.044	7.649	4.808	2.542	1.726	1.476	1.125	0.892	0.724	0.265	-0.475	-0.793	-0.872	-0.674	-0.131	6.569	40.40	98.84	114.5	15.09	-1.139	-2.465	-2.558	-2.615	-2.638	-2.621	-2.716	-2.765	-2.886
555.0	-136.2	-86.65	-44.40	-11.58	7.030	29.31	99.23	82.43	54.35	73.84	231.5	809.4	153.1	37.25	32.55	31.01	26.48	25.34	24.19	23.18	22.61	20.68	20.93	21.20	20.83	20.34	20.29	19.98	20.16	20.47	19.12	19.49	17.41	15.94	14.41	14.18	12.83	11.84	10.86	9.744	9.209	8.149	7.271	6.160	5.699	5.143	4.637	4.258	5.352	7.558	5.599	2.463	1.283	0.790	0.657	0.466	0.020	0.030	-0.444	-0.896	-1.127	-1.292	-1.138	0.032	7.666	21.16	61.47	118.1	22.30	-1.750	-2.470	-2.601	-2.629	-2.645	-2.791	-2.844	-2.960
560.0	-138.7	-92.28	-47.01	-15.68	-0.024	14.45	58.49	101.1	53.21	60.91	104.0	569.8	524.9	35.81	26.70	23.95	21.78	20.52	19.37	17.80	18.97	17.58	16.36	16.33	15.34	16.01	16.34	16.17	16.92	16.36	15.26	15.22	14.08	12.69	11.91	11.33	10.03	9.545	8.566	7.989	7.252	5.995	5.586	4.628	4.737	4.206	3.798	3.102	3.368	5.374	5.821	3.231	1.159	0.724	0.305	0.064	-0.177	-0.440	-0.232	-0.861	-1.122	-1.400	-1.535	-1.316	0.414	3.314	13.98	75.20	104.2	16.27	-2.370	-2.618	-2.684	-2.755	-2.802	-2.804	-2.943
565.0	-137.1	-93.25	-53.94	-20.99	-6.329	3.622	32.22	110.5	64.23	57.45	74.03	269.0	766.0	89.03	22.26	18.53	17.41	16.11	15.35	14.74	13.99	13.90	13.04	13.57	12.41	12.95	13.31	13.05	13.71	13.43	12.48	12.23	11.41	10.40	9.533	8.986	7.866	7.307	7.176	6.348	5.430	4.809	4.135	3.709	3.839	3.108	2.755	2.215	2.090	3.208	4.404	3.348	1.152	0.481	-0.103	-0.038	-0.511	-0.759	-0.510	-0.743	-1.068	-1.488	-1.661	-1.661	-1.407	-0.745	1.614	19.26	81.33	81.52	8.219	-2.605	-2.744	-2.826	-2.826	-2.774	-2.941
570.0	-135.3	-88.23	-49.51	-27.36	-12.16	-2.245	14.23	76.19	96.14	61.58	73.70	116.9	495.3	424.0	24.01	13.92	12.35	11.67	11.89	10.70	9.706	9.822	9.711	9.842	9.167	9.316	9.365	9.305	9.601	9.235	8.888	8.379	8.218	7.430	6.927	6.509	5.713	5.153	4.743	4.511	3.853	3.311	2.905	2.439	2.270	2.116	1.756	1.419	1.211	1.453	2.282	2.558	1.564	0.339	-0.295	-0.690	-0.928	-1.139	-1.181	-1.069	-1.083	-1.501	-1.826	-1.809	-1.756	-1.628	-1.139	2.633	20.02	55.08	74.25	13.29	-1.834	-2.761	-2.866	-2.887	-2.987
575.0	-132.0	-85.49	-54.02	-33.95	-18.43	-9.282	9.517	42.77	110.4	85.38	79.89	82.01	170.9	595.0	97.75	9.610	8.246	7.632	7.429	7.782	7.110	5.896	6.270	6.279	5.940	6.303	6.387	5.792	6.862	6.242	5.556	5.395	5.406	5.176	4.328	4.244	3.738	3.387	3.440	2.870	2.429	1.917	1.809	1.077	0.975	1.000	1.031	0.589	0.359	0.686	0.829	1.045	1.369	0.388	-0.355	-0.818	-1.118	-1.416	-1.508	-1.512	-1.378	-1.141	-1.683	-1.783	-1.962	-1.901	-1.768	-1.027	2.718	10.57	36.91	70.61	18.47	-2.330	-2.883	-2.945	-3.038
580.0	-130.2	-83.43	-52.33	-36.46	-19.26	-13.58	2.539	29.18	102.7	111.2	83.32	79.19	75.51	387.9	373.1	8.873	4.929	4.741	4.909	5.185	4.590	3.898	3.948	4.280	4.799	5.063	4.279	4.243	4.306	4.323	4.033	4.121	3.664	3.465	3.144	2.946	2.538	2.337	2.106	1.680	1.481	1.014	0.999	0.918	0.491	0.264	0.109	0.039	0.152	0.248	0.226	0.051	0.855	0.768	-0.234	-1.017	-1.273	-1.501	-1.531	-1.642	-1.759	-1.406	-1.471	-1.780	-2.037	-1.994	-2.043	-1.903	-1.258	0.494	7.175	40.24	60.45	10.54	-2.780	-2.881	-3.038
585.0	-135.1	-89.08	-55.70	-34.66	-23.73	-14.54	1.102	23.42	76.94	137.1	93.00	77.42	51.64	158.4	540.5	46.53	3.343	3.239	3.118	2.783	2.959	2.883	2.405	3.162	2.370	3.383	2.707	3.093	2.886	2.863	3.050	2.328	2.097	2.104	2.075	2.239	1.756	1.404	1.210	1.127	0.500	0.079	0.488	0.262	-0.078	-0.198	-0.317	-0.245	-0.291	-0.218	-0.208	-0.474	-0.076	0.257	-0.016	-0.952	-1.443	-1.598	-1.770	-1.721	-1.958	-1.658	-1.491	-1.785	-1.913	-1.985	-2.021	-2.019	-2.133	-1.765	-0.392	8.542	41.34	46.15	3.658	-2.842	-3.054
590.0	-136.8	-88.35	-53.59	-37.39	-26.00	-16.12	2.766	21.47	56.76	131.8	115.3	82.47	50.03	54.12	337.5	284.4	7.896	1.614	1.245	1.321	1.273	1.540	1.025	1.414	1.351	1.402	1.328	1.368	1.651	1.720	1.763	1.016	1.146	1.116	0.770	0.792	0.801	0.389	0.574	0.278	-0.182	-0.447	-0.345	-0.402	-0.458	-0.624	-0.599	-0.687	-0.630	-0.666	-0.594	-1.048	-0.925	-0.564	-0.162	-0.802	-1.493	-1.798	-1.939	-1.829	-1.951	-1.934	-1.801	-1.630	-1.775	-2.088	-2.126	-2.193	-2.287	-2.314	-2.022	-0.183	8.846	28.73	31.58	10.50	-2.225
595.0	-132.0	-89.38	-54.34	-35.93	-26.96	-14.94	0.593	18.41	46.40	101.2	143.7	89.65	51.95	28.49	101.3	411.3	72.12	0.318	-0.756	-0.171	-0.357	-0.626	-0.160	0.049	0.073	-0.327	0.294	-0.196	0.028	0.143	0.323	-0.279	0.232	0.037	-0.308	-0.207	-0.144	-0.349	-0.549	-0.515	-0.879	-0.903	-0.847	-0.970	-0.901	-1.137	-1.077	-1.074	-0.991	-1.008	-0.892	-1.451	-1.402	-1.323	-0.802	-0.753	-1.277	-1.922	-2.124	-1.914	-1.987	-2.081	-1.979	-1.843	-1.686	-1.835	-2.188	-2.235	-2.358	-2.476	-2.422	-2.118	-0.129	4.345	13.81	36.01	16.25
600.0	-132.8	-88.57	-56.21	-39.11	-25.25	-14.35	3.914	20.95	43.73	85.39	152.5	96.34	56.98	30.17	34.81	263.4	277.4	2.587	-1.173	-0.901	-1.233	-1.286	-1.239	-0.639	-0.953	-0.847	-0.545	-1.000	-0.514	-0.944	-0.181	-0.770	-0.612	-0.409	-0.637	-0.669	-0.625	-0.943	-0.760	-0.877	-1.157	-1.189	-1.302	-1.279	-1.108	-1.439	-1.200	-1.464	-1.232	-1.033	-1.137	-1.593	-1.528	-1.577	-1.353	-0.971	-1.306	-1.608	-2.111	-2.080	-2.091	-2.041	-2.080	-2.058	-1.863	-1.700	-2.050	-2.329	-2.316	-2.548	-2.585	-2.499	-2.138	-1.147	1.233	16.71	39.29
605.0	-131.8	-90.42	-53.37	-40.32	-26.95	-13.36	5.072	29.08	50.49	87.39	151.6	131.3	72.72	40.55	28.20	111.7	391.8	40.60	-1.601	-1.743	-1.437	-1.358	-1.703	-1.383	-1.552	-1.263	-1.416	-1.281	-1.221	-1.052	-0.977	-1.272	-1.207	-0.989	-1.140	-0.897	-1.146	-1.412	-1.071	-1.283	-1.354	-1.569	-1.565	-1.657	-1.549	-1.614	-1.426	-1.484	-1.256	-1.224	-1.202	-1.622	-1.632	-1.791	-1.684	-1.351	-1.290	-1.504	-2.025	-2.066	-2.178	-2.103	-2.070	-2.016	-1.980	-1.605	-1.985	-2.025	-2.307	-2.411	-2.632	-2.583	-2.514	-2.373	-1.877	2.091	21.87
610.0	-129.0	-86.04	-49.79	-33.15	-23.93	-8.625	10.76	37.66	68.92	103.8	149.4	176.4	104.6	64.92	47.22	54.30	253.2	232.1	4.181	-2.799	-2.395	-2.337	-2.418	-2.227	-2.027	-1.901	-1.961	-2.012	-1.859	-1.908	-1.681	-1.781	-1.795	-1.624	-1.595	-1.483	-1.462	-1.836	-1.513	-1.692	-1.728	-1.895	-1.847	-1.958	-1.872	-1.810	-1.642	-1.643	-1.497	-1.428	-1.326	-1.765	-1.780	-1.881	-1.860	-1.793	-1.542	-1.477	-1.774	-2.083	-2.037	-2.038	-2.055	-2.011	-1.960	-1.913	-1.802	-1.781	-2.077	-2.314	-2.353	-2.567	-2.506	-2.556	-2.557	-1.655	3.286
615.0	-132.8	-88.07	-44.52	-30.45	-21.80	-8.650	16.11	39.31	67.87	100.3	137.5	168.6	128.1	70.62	53.55	40.69	95.90	301.0	57.71	-3.354	-3.352	-3.129	-3.017	-2.897	-2.541	-2.611	-2.567	-2.611	-2.458	-2.439	-2.197	-2.261	-2.424	-2.147	-2.064	-2.000	-1.976	-2.209	-1.916	-2.052	-2.026	-2.156	-2.157	-2.133	-2.076	-2.057	-1.860	-1.877	-1.756	-1.502	-1.458	-1.883	-1.869	-1.952	-1.993	-2.051	-1.858	-1.556	-1.747	-2.059	-2.111	-1.988	-2.109	-2.054	-1.997	-2.023	-2.022	-1.926	-2.086	-2.278	-2.389	-2.456	-2.468	-2.595	-2.707	-2.512	-1.433
620.0	-133.3	-90.11	-51.79	-30.98	-20.84	-4.570	14.03	38.14	64.47	94.13	126.1	145.5	143.8	73.83	52.94	36.08	48.52	185.7	209.9	-1.812	-3.558	-3.395	-3.561	-3.217	-3.031	-2.848	-2.709	-2.867	-2.885	-2.782	-2.641	-2.811	-2.708	-2.435	-2.367	-2.212	-2.160	-2.297	-2.267	-2.140	-2.172	-2.400	-2.362	-2.171	-2.117	-2.230	-1.987	-1.983	-1.914	-1.621	-1.545	-1.942	-1.976	-2.078	-2.101	-2.131	-2.136	-1.908	-1.791	-1.752	-2.153	-2.045	-2.200	-2.134	-2.103	-1.992	-2.200	-2.146	-2.054	-2.171	-2.379	-2.494	-2.491	-2.545	-2.610	-2.738	-2.521
625.0	-133.1	-82.66	-48.49	-29.16	-20.42	-3.154	15.34	36.41	65.50	89.64	117.6	131.6	140.2	81.21	52.88	35.33	38.22	73.96	280.8	27.17	-3.429	-3.868	-3.629	-3.221	-3.217	-3.316	-2.928	-3.052	-3.056	-3.015	-3.070	-2.802	-2.849	-2.612	-2.593	-2.323	-2.269	-2.460	-2.277	-2.379	-2.310	-2.415	-2.467	-2.301	-2.231	-2.293	-2.001	-2.135	-1.850	-1.648	-1.639	-1.980	-2.060	-2.118	-2.080	-2.156	-2.278	-2.181	-1.907	-1.886	-2.162	-2.143	-2.164	-2.206	-2.050	-2.067	-2.224	-2.122	-2.025	-2.022	-2.304	-2.507	-2.524	-2.598	-2.611	-2.782	-2.757
630.0	-135.8	-83.64	-47.40	-31.03	-19.90	-5.091	13.07	35.56	62.05	90.11	110.9	120.9	125.7	97.37	54.33	37.39	33.84	28.04	156.3	156.5	1.419	-3.973	-3.725	-3.524	-3.596	-3.434	-3.402	-3.339	-3.348	-3.251	-3.298	-3.048	-3.060	-2.889	-2.738	-2.535	-2.514	-2.617	-2.602	-2.537	-2.392	-2.580	-2.604	-2.492	-2.437	-2.390	-2.094	-2.192	-1.915	-1.683	-1.666	-2.062	-2.093	-2.183	-2.184	-2.242	-2.337	-2.293	-2.194	-2.042	-2.112	-2.115	-2.205	-2.232	-2.237	-2.076	-2.223	-2.215	-2.167	-2.200	-2.240	-2.467	-2.534	-2.583	-2.630	-2.819	-2.850
635.0	-130.5	-80.50	-46.25	-31.24	-17.68	-6.093	9.802	35.17	59.11	81.94	107.6	114.7	110.8	104.3	63.63	36.55	33.93	18.78	40.06	196.2	49.20	-3.966	-3.871	-3.696	-3.979	-3.511	-3.540	-3.603	-3.674	-3.512	-3.513	-3.222	-3.330	-3.071	-2.914	-2.754	-2.741	-2.734	-2.701	-2.684	-2.470	-2.698	-2.594	-2.588	-2.554	-2.532	-2.224	-2.274	-2.040	-1.762	-1.755	-2.070	-2.214	-2.200	-2.228	-2.283	-2.398	-2.401	-2.435	-2.133	-2.119	-2.182	-2.175	-2.195	-2.208	-2.161	-2.245	-2.229	-2.289	-2.259	-2.256	-2.293	-2.513	-2.583	-2.672	-2.836	-2.887
640.0	-132.9	-86.52	-43.33	-28.30	-18.45	-4.974	11.05	32.11	58.16	80.46	102.2	112.2	102.3	99.23	68.22	39.16	34.38	15.17	8.912	110.9	155.6	-1.508	-3.992	-3.794	-3.964	-3.709	-3.665	-3.780	-3.629	-3.558	-3.591	-3.575	-3.448	-3.156	-3.044	-2.803	-2.855	-2.852	-2.735	-2.751	-2.652	-2.696	-2.708	-2.722	-2.621	-2.516	-2.262	-2.259	-2.108	-1.769	-1.790	-2.136	-2.268	-2.233	-2.192	-2.282	-2.463	-2.419	-2.416	-2.229	-2.263	-2.151	-2.152	-2.225	-2.279	-2.221	-2.253	-2.288	-2.251	-2.400	-2.414	-2.395	-2.297	-2.575	-2.661	-2.725	-2.891
645.0	-130.8	-79.24	-44.47	-27.26	-18.25	-9.410	15.26	33.46	53.80	75.06	95.47	107.6	93.14	85.69	71.65	36.84	31.69	14.48	2.111	35.41	195.8	26.37	-4.104	-4.027	-4.164	-3.718	-3.802	-3.871	-3.980	-3.733	-3.730	-3.468	-3.394	-3.152	-3.093	-2.916	-2.944	-2.895	-2.830	-2.828	-2.681	-2.826	-2.770	-2.804	-2.597	-2.674	-2.344	-2.397	-2.150	-1.868	-1.762	-2.111	-2.261	-2.324	-2.294	-2.279	-2.467	-2.379	-2.470	-2.284	-2.271	-2.221	-2.151	-2.225	-2.280	-2.297	-2.218	-2.302	-2.269	-2.451	-2.449	-2.519	-2.454	-2.556	-2.757	-2.754	-2.895
650.0	-129.6	-84.37	-48.65	-24.69	-20.98	-9.081	10.08	30.60	50.07	73.33	88.81	97.94	89.30	74.45	71.66	35.26	27.77	13.04	1.313	6.969	133.4	98.75	-3.897	-4.238	-4.170	-4.046	-3.897	-3.947	-4.008	-3.891	-3.849	-3.582	-3.440	-3.288	-3.205	-2.960	-2.905	-3.065	-2.894	-2.889	-2.806	-2.862	-2.842	-2.786	-2.665	-2.636	-2.354	-2.395	-2.133	-1.876	-1.810	-2.160	-2.231	-2.304	-2.231	-2.303	-2.482	-2.451	-2.531	-2.428	-2.289	-2.282	-2.242	-2.333	-2.219	-2.277	-2.294	-2.299	-2.336	-2.464	-2.468	-2.512	-2.539	-2.450	-2.717	-2.797	-2.953
