Sample:	'1
File name:	G2025071006月四会四泵站.FD3
Run date:	'10:23:52, 07/11/2025
Operator:	Administrator
Comment:	'

Instrument
Model:	F-2700 FL Spectrophotometer
Serial number:	23C7-003
ROM Version:	4J14000 07

Instrument parameters
Measurement type:	3-D scan
Data mode:	Fluorescence
EX  Start WL:	220.0 nm
EX  End WL:	600.0 nm
EX Sampling interval:	5.0 nm
EM  Start WL:	230.0 nm
EM  End WL:	650.0 nm
EM Sampling interval:	5.0 nm
Scan speed:	12000 nm/min
EX Slit:	5.0 nm
EM Slit:	5.0 nm
PMT Voltage:	700 V
Response:	Auto 
Corrected spectra:	Off
Contour interval:	50.000

Peak integration
Integration method:	Rectangular
Sensitivity:	1
Threshold:	1.000

Peaks
No.	ApexEX/EM(nm)	Height(Data)
1	230.0/345.0	1837
2	235.0/260.0	222.1
3	240.0/265.0	245.1
4	245.0/270.0	241.8
5	250.0/275.0	332.0
6	250.0/545.0	170.4
7	255.0/285.0	426.9
8	255.0/560.0	142.4
9	260.0/290.0	477.7
10	260.0/575.0	112.6
11	265.0/295.0	688.2
12	265.0/385.0	1216
13	265.0/585.0	98.02
14	270.0/300.0	920.5
15	270.0/595.0	88.05
16	275.0/310.0	1032
17	275.0/410.0	1801
18	275.0/610.0	80.97
19	280.0/315.0	1010
20	280.0/345.0	1157
21	280.0/625.0	71.15
22	285.0/320.0	1058
23	285.0/635.0	55.41
24	290.0/325.0	1005
25	335.0/410.0	1036
26	460.0/340.0	5.324
27	475.0/355.0	4.719
28	500.0/275.0	1.519
29	510.0/280.0	2.167
30	515.0/285.0	2.458
31	535.0/295.0	3.625
32	550.0/305.0	5.346
33	580.0/325.0	5.744

Data points
	220.0	225.0	230.0	235.0	240.0	245.0	250.0	255.0	260.0	265.0	270.0	275.0	280.0	285.0	290.0	295.0	300.0	305.0	310.0	315.0	320.0	325.0	330.0	335.0	340.0	345.0	350.0	355.0	360.0	365.0	370.0	375.0	380.0	385.0	390.0	395.0	400.0	405.0	410.0	415.0	420.0	425.0	430.0	435.0	440.0	445.0	450.0	455.0	460.0	465.0	470.0	475.0	480.0	485.0	490.0	495.0	500.0	505.0	510.0	515.0	520.0	525.0	530.0	535.0	540.0	545.0	550.0	555.0	560.0	565.0	570.0	575.0	580.0	585.0	590.0	595.0	600.0
230.0	48.09	974.8	1197	168.3	3.986	1.516	1.408	1.348	1.078	1.119	0.959	1.250	1.224	1.033	0.777	0.573	0.640	0.479	0.406	0.367	0.414	0.457	0.377	0.358	0.310	0.306	0.244	0.197	0.218	0.158	0.164	0.147	0.135	0.090	0.087	0.112	0.070	0.076	0.038	0.063	0.179	0.319	0.252	0.136	0.033	0.123	0.985	2.839	3.246	1.736	0.405	0.068	0.016	0.020	0.049	-0.027	0.032	0.014	0.027	0.000	0.021	0.019	0.025	-0.003	-0.010	0.033	0.060	0.030	0.052	-0.003	0.013	-0.003	0.027	0.024	0.020	-0.007	0.019
235.0	65.11	286.2	1040	1080	207.5	2.804	1.732	1.038	1.731	1.698	0.868	1.193	1.492	1.079	0.710	0.654	0.455	0.320	0.429	0.375	0.356	0.428	0.339	0.349	0.390	0.332	0.247	0.182	0.226	0.085	0.136	0.116	0.143	0.130	0.076	0.086	0.038	0.123	0.068	0.036	0.093	0.155	0.332	0.352	0.242	0.079	0.295	0.833	1.598	2.551	3.009	2.205	0.706	0.069	0.038	-0.022	-0.024	-0.003	0.045	-0.004	0.065	0.001	0.048	0.040	0.001	-0.007	0.026	0.033	0.040	0.000	0.024	0.024	0.034	-0.036	-0.014	0.069	0.047
240.0	138.2	103.2	352.9	1246	998.2	111.5	1.854	1.368	1.706	1.779	1.502	1.348	1.141	0.932	0.864	0.644	0.580	0.470	0.588	0.330	0.485	0.396	0.213	0.411	0.538	0.254	0.410	0.205	0.244	0.228	0.175	0.120	0.127	0.078	0.066	0.038	0.024	0.113	0.092	0.050	0.044	0.043	0.110	0.223	0.431	0.380	0.243	0.227	0.422	0.933	2.265	4.312	3.818	1.837	0.425	-0.010	0.018	0.023	0.027	-0.046	-0.023	0.021	0.018	0.092	-0.022	0.053	-0.008	0.053	0.014	0.036	0.107	0.004	0.017	-0.052	-0.021	0.015	0.050
245.0	123.0	129.7	101.9	511.8	1382	418.6	55.90	2.679	1.744	1.824	1.565	1.247	1.304	0.953	0.849	0.792	0.600	0.670	0.345	0.644	0.533	0.423	0.366	0.393	0.368	0.339	0.355	0.305	0.442	0.213	0.094	0.207	0.122	0.104	0.082	0.036	0.069	0.107	0.020	0.073	0.064	0.061	0.044	0.127	0.231	0.414	0.389	0.282	0.165	0.251	0.617	2.082	3.740	4.777	3.246	1.053	0.193	0.028	0.026	0.032	-0.032	0.049	-0.013	-0.006	0.010	0.015	-0.019	0.038	-0.007	0.052	0.031	-0.006	0.042	-0.030	0.009	-0.025	-0.002
250.0	44.71	125.8	150.5	151.2	514.2	1052	820.2	132.4	6.603	1.821	1.923	1.759	1.225	1.158	0.951	0.755	0.787	0.663	0.555	0.590	0.533	0.382	0.378	0.357	0.339	0.364	0.277	0.305	0.281	0.160	0.171	0.173	0.127	0.093	0.131	0.035	0.034	0.100	0.088	0.046	0.022	0.001	0.009	0.063	0.097	0.160	0.242	0.500	0.463	0.334	0.265	0.496	1.077	2.099	3.121	3.830	3.797	2.448	0.913	0.204	-0.015	0.000	-0.029	0.039	0.051	0.007	0.011	0.017	0.048	0.034	0.014	0.045	0.032	-0.018	0.033	-0.001	-0.037
255.0	13.68	40.59	148.6	190.2	142.6	302.2	1059	1253	179.1	5.172	2.122	1.680	1.546	1.671	0.868	0.989	0.715	0.676	0.531	0.482	0.427	0.429	0.308	0.601	0.394	0.365	0.311	0.288	0.367	0.075	0.213	0.164	0.187	0.138	0.159	0.091	0.115	0.068	0.010	-0.021	0.081	-0.004	0.060	-0.033	0.052	0.069	0.043	0.166	0.239	0.607	0.715	0.482	0.388	0.538	0.758	1.117	2.323	5.060	6.072	3.966	1.275	0.129	0.038	0.073	0.036	0.015	-0.022	0.003	0.061	0.035	0.003	0.037	-0.006	0.016	0.026	-0.034	0.007
260.0	3.906	13.27	63.23	222.1	154.2	82.83	370.0	1390	1149	118.0	2.859	2.589	1.886	1.751	1.231	1.241	0.857	0.740	0.709	0.607	0.518	0.407	0.466	0.485	0.458	0.286	0.237	0.375	0.235	0.128	0.256	0.170	0.225	0.133	0.131	0.091	0.109	0.081	0.027	0.039	0.047	0.043	0.054	0.036	0.014	0.023	0.031	0.084	0.083	0.241	0.600	0.956	0.771	0.369	0.266	0.300	0.636	1.727	4.105	7.024	6.638	3.084	0.625	0.048	0.027	0.060	0.032	-0.018	0.009	0.045	0.030	0.024	0.019	0.021	-0.003	-0.012	0.012
265.0	4.811	5.528	20.30	118.0	245.1	92.74	96.98	556.9	1574	984.2	70.90	2.415	2.623	2.013	1.703	1.142	0.965	0.879	0.635	0.603	0.537	0.278	0.431	0.435	0.479	0.265	0.226	0.323	0.275	0.166	0.269	0.185	0.294	0.134	0.107	0.075	0.074	0.097	0.038	0.015	0.027	0.079	0.027	0.079	0.035	-0.013	0.048	0.020	0.051	0.080	0.261	0.680	0.942	1.028	0.528	0.173	0.189	0.445	1.121	2.963	6.048	8.158	6.375	2.128	0.359	0.061	0.052	0.005	0.060	0.030	0.010	0.002	-0.013	-0.023	0.002	0.070	0.007
270.0	34.94	28.88	20.69	37.70	142.7	241.8	123.4	149.2	584.0	1397	1315	98.53	8.173	2.250	1.835	1.160	0.926	0.767	0.675	0.672	0.439	0.430	0.469	0.425	0.397	0.328	0.333	0.307	0.318	0.265	0.195	0.162	0.185	0.124	0.125	0.149	0.110	0.131	0.112	0.046	0.074	0.073	0.161	0.123	0.073	0.132	0.122	0.102	0.067	0.101	0.114	0.161	0.364	0.808	1.007	1.084	0.698	0.274	0.304	0.770	1.619	3.373	5.667	7.130	7.259	4.577	1.575	0.205	0.039	-0.015	-0.013	0.026	0.011	0.020	0.021	0.046	0.034
275.0	159.1	124.3	66.72	29.51	43.64	151.5	332.0	159.5	174.5	424.1	1391	1361	129.5	6.105	2.133	1.389	1.078	0.890	0.688	0.694	0.534	0.474	0.398	0.454	0.417	0.573	0.329	0.324	0.325	0.257	0.208	0.233	0.176	0.196	0.283	0.393	0.271	0.282	0.264	0.222	0.261	0.265	0.258	0.306	0.311	0.388	0.425	0.266	0.252	0.144	0.103	0.081	0.142	0.215	0.400	0.866	1.519	1.454	0.713	0.388	0.581	1.021	1.465	2.066	3.950	8.713	10.65	6.891	1.703	0.107	0.019	0.007	0.032	-0.014	0.030	-0.006	0.173
280.0	296.4	235.7	133.0	42.70	25.27	62.95	283.5	315.7	141.3	177.2	509.5	1826	1165	88.13	3.866	1.916	1.233	0.923	0.705	0.765	0.658	0.443	0.340	0.342	0.296	0.558	0.404	0.384	0.245	0.229	0.260	0.221	0.210	0.304	0.567	0.679	0.601	0.505	0.450	0.398	0.384	0.465	0.542	0.583	0.677	0.762	0.768	0.566	0.404	0.251	0.190	0.062	0.094	0.098	0.225	0.309	0.767	1.631	2.167	1.366	0.573	0.551	0.605	0.843	1.271	3.002	6.608	11.87	10.74	4.595	0.605	0.009	0.120	0.055	0.041	0.041	0.100
285.0	445.9	349.6	200.9	66.48	34.08	45.48	141.9	426.9	263.4	164.9	242.1	733.2	2069	910.1	53.29	2.603	1.718	1.032	0.911	0.849	0.789	0.655	0.583	0.427	0.451	0.411	0.404	0.436	0.317	0.204	0.237	0.268	0.125	0.362	0.717	0.929	0.860	0.715	0.670	0.667	0.642	0.669	0.788	0.813	0.921	1.114	0.993	0.771	0.658	0.441	0.260	0.219	0.123	0.145	0.136	0.294	0.344	0.726	1.610	2.458	2.002	0.872	0.726	0.685	0.834	1.201	2.024	4.649	8.902	12.58	9.280	2.770	0.368	0.087	0.056	0.075	0.070
290.0	576.8	466.7	270.9	110.4	58.78	61.08	98.52	241.6	477.7	413.0	278.7	355.9	785.6	1591	1345	232.7	6.544	1.768	1.236	0.866	0.841	0.864	0.590	0.569	0.522	0.419	0.398	0.390	0.322	0.275	0.353	0.199	0.205	0.411	0.761	1.098	1.132	0.969	0.854	0.905	0.831	0.834	0.903	1.037	1.177	1.434	1.145	1.080	0.836	0.607	0.371	0.337	0.236	0.220	0.218	0.271	0.300	0.492	0.774	1.324	2.059	2.360	2.373	1.650	1.140	1.204	1.237	1.818	2.762	4.907	7.634	9.744	9.597	5.972	2.100	0.307	0.090
295.0	634.4	539.9	336.1	161.8	91.44	91.00	121.4	183.2	319.7	688.2	606.2	380.0	402.0	520.1	1284	1898	76.04	6.026	1.878	1.344	0.996	0.859	0.666	0.526	0.455	0.579	0.498	0.515	0.318	0.362	0.281	0.298	0.215	0.366	0.892	1.128	1.215	1.193	0.952	1.048	0.892	1.022	1.074	1.123	1.244	1.541	1.349	1.505	0.933	0.714	0.537	0.385	0.378	0.366	0.381	0.344	0.516	0.583	0.687	1.018	1.169	1.628	2.578	3.625	2.969	1.964	1.723	1.514	1.773	1.950	2.353	2.998	4.581	9.750	12.82	8.829	2.284
300.0	629.6	563.8	365.1	201.5	125.5	122.6	147.8	200.3	287.7	542.8	920.5	579.3	398.7	311.7	453.8	1690	1638	59.83	3.428	1.479	1.123	0.889	0.786	0.584	0.482	0.572	0.558	0.417	0.335	0.324	0.385	0.278	0.220	0.357	0.791	1.039	1.209	1.152	1.028	1.184	0.961	0.959	1.060	1.210	1.232	1.628	1.519	1.444	1.101	0.721	0.512	0.566	0.461	0.373	0.453	0.451	0.580	0.612	0.771	1.122	1.157	1.409	1.806	2.886	4.099	4.223	2.899	1.967	1.892	1.521	1.530	1.398	1.567	3.101	6.823	13.05	14.20
305.0	603.4	571.5	394.6	232.5	163.6	156.4	197.8	253.9	340.4	499.3	870.7	998.1	555.8	358.6	281.4	608.5	1915	588.6	41.11	2.849	1.432	1.042	0.855	0.833	0.623	0.546	0.605	0.506	0.403	0.292	0.294	0.290	0.299	0.352	0.745	1.030	1.123	1.109	1.231	1.129	0.975	1.036	1.164	1.139	1.268	1.532	1.405	1.532	1.207	0.909	0.655	0.751	0.627	0.588	0.539	0.657	0.875	0.862	0.998	1.106	1.284	1.779	2.016	2.204	3.214	4.554	5.346	3.824	2.590	2.028	1.771	1.443	1.228	1.453	2.254	4.585	9.877
310.0	581.9	552.0	413.7	273.9	208.9	209.7	254.6	320.1	401.7	540.0	732.5	1032	978.9	547.4	345.6	319.9	679.6	1250	1105	199.5	7.485	1.555	1.166	0.801	0.671	0.779	0.547	0.546	0.473	0.347	0.376	0.277	0.264	0.335	0.650	1.028	1.029	1.030	1.024	1.048	0.937	1.012	1.037	1.068	1.232	1.430	1.367	1.351	1.273	0.975	0.782	0.925	0.786	0.765	0.803	0.835	0.985	1.134	1.208	1.415	1.723	1.981	2.175	2.491	2.844	3.423	4.286	4.786	4.856	4.149	2.905	2.295	1.842	1.701	1.644	1.988	3.169
315.0	577.9	584.8	453.1	320.2	252.3	255.8	303.7	374.5	455.6	575.7	726.4	866.1	1010	932.0	477.3	317.2	340.9	414.8	888.6	1607	57.39	6.148	1.516	0.972	0.967	0.691	0.536	0.668	0.460	0.348	0.263	0.257	0.198	0.275	0.547	0.886	1.030	0.916	1.042	0.924	0.896	0.884	1.081	1.218	1.238	1.435	1.323	1.465	1.295	1.055	0.898	1.000	0.985	0.830	0.876	1.034	1.144	1.333	1.409	1.711	1.925	2.203	2.497	2.474	2.779	3.170	3.739	4.067	4.167	5.051	5.288	3.729	2.598	1.970	1.758	1.648	1.988
320.0	692.4	755.3	582.7	369.7	286.7	291.8	349.0	418.6	505.4	627.8	777.7	878.6	930.5	1058	745.9	397.8	313.5	250.1	303.9	1173	1404	48.88	3.608	1.517	0.994	0.664	0.606	0.615	0.496	0.391	0.436	0.285	0.190	0.313	0.467	0.776	0.944	0.892	1.007	0.947	0.860	1.112	1.071	1.209	1.390	1.803	1.922	2.053	1.740	1.386	1.163	1.178	1.025	1.152	1.111	1.004	1.230	1.399	1.666	1.815	2.036	2.350	2.821	2.666	2.890	3.477	3.653	4.052	3.984	4.327	4.977	5.192	4.550	2.915	2.141	1.932	1.928
325.0	907.9	1095	872.1	545.7	361.3	332.0	377.9	472.3	562.9	705.3	851.5	965.0	973.1	990.4	1005	583.1	366.8	257.9	180.7	384.1	1317	1136	38.29	2.943	1.253	0.803	0.704	0.463	0.530	0.316	0.355	0.368	0.279	0.309	0.555	0.798	0.946	0.899	0.936	1.023	0.929	1.171	1.155	1.485	1.931	2.324	2.756	3.123	2.625	2.183	1.670	1.632	1.439	1.287	1.268	1.197	1.465	1.661	1.839	2.074	2.259	2.689	2.978	3.066	3.492	3.968	4.295	4.131	4.234	4.453	4.676	4.689	5.744	4.894	3.645	2.623	2.351
330.0	1076	1398	1335	865.9	528.8	408.8	436.4	514.1	614.1	764.3	918.9	1040	1057	995.4	949.5	850.3	556.9	330.1	213.2	197.4	422.9	976.3	852.3	189.9	10.57	1.462	0.923	0.659	0.523	0.460	0.441	0.376	0.377	0.322	0.516	0.726	0.839	0.883	0.996	1.038	1.224	1.312	1.427	1.762	2.152	2.878	3.314	4.015	3.743	3.375	2.629	2.512	2.040	1.677	1.514	1.507	1.727	1.834	2.050	2.273	2.614	2.738	3.150	3.435	3.806	4.097	4.482	4.572	4.552	4.863	4.906	4.737	4.667	4.906	5.048	4.676	3.755
335.0	1230	1629	1596	1133	722.4	534.9	494.7	561.9	663.6	813.3	968.5	1097	1120	1057	931.7	829.1	808.1	492.5	289.6	212.4	218.4	310.8	569.9	1324	290.5	9.685	1.696	0.990	0.614	0.622	0.422	0.460	0.309	0.267	0.493	0.689	0.730	0.899	0.968	1.051	1.172	1.413	1.570	1.995	2.522	3.339	3.812	4.693	4.701	4.061	3.319	3.424	2.678	2.499	1.892	1.770	2.007	2.136	2.391	2.483	2.722	2.978	3.145	3.675	4.176	4.152	4.547	5.087	4.911	5.025	5.155	5.125	4.781	4.560	4.467	4.406	5.284
340.0	1282	1756	1776	1301	848.1	617.3	564.7	610.1	698.9	850.6	998.7	1134	1150	1102	962.9	809.6	791.2	675.4	385.5	259.9	210.7	187.4	217.3	797.4	1271	45.85	5.025	1.539	0.847	0.708	0.449	0.419	0.366	0.358	0.501	0.692	0.749	0.894	1.020	1.034	1.323	1.501	1.599	1.973	2.574	3.465	4.057	5.178	5.324	4.477	3.956	3.925	3.274	2.962	2.263	2.301	2.053	2.471	2.670	2.740	3.041	3.178	3.308	3.747	3.879	4.260	4.860	4.941	5.089	5.301	5.199	5.025	4.888	4.586	4.434	4.069	4.798
345.0	1270	1756	1837	1359	949.2	704.9	616.3	646.8	725.5	870.5	996.0	1124	1157	1097	987.1	831.1	724.3	735.3	540.1	322.6	247.0	193.5	154.5	268.6	924.2	1026	38.86	3.582	1.323	0.879	0.632	0.418	0.379	0.278	0.461	0.605	0.784	0.962	0.961	1.016	1.193	1.378	1.788	2.020	2.426	3.627	4.049	5.000	5.127	4.674	4.061	4.400	3.773	3.208	2.671	2.485	2.515	2.405	2.741	2.757	3.033	3.299	3.441	3.843	4.107	4.094	4.790	4.746	5.175	5.203	5.195	5.142	5.023	4.960	4.447	4.422	4.769
350.0	1218	1642	1757	1418	1076	842.4	735.1	725.0	787.9	893.6	1008	1100	1129	1098	1001	860.4	741.0	667.0	641.7	488.7	330.8	252.1	193.2	168.5	299.1	690.1	841.0	177.8	11.91	1.426	0.879	0.541	0.422	0.332	0.465	0.650	0.756	0.903	1.029	1.057	1.165	1.382	1.654	1.856	2.321	3.184	3.734	4.809	4.612	4.557	4.092	4.589	4.134	3.682	3.191	2.874	3.043	2.967	3.031	3.076	3.290	3.664	3.733	3.962	4.130	4.138	4.658	4.641	4.918	5.138	5.116	5.076	5.330	5.029	4.590	4.648	4.634
355.0	1152	1538	1647	1448	1182	984.5	874.4	849.3	888.2	972.9	1053	1106	1131	1106	1023	902.4	786.4	686.4	617.8	627.6	494.9	339.6	261.7	198.9	175.9	227.2	395.5	957.7	282.5	12.01	1.504	0.916	0.545	0.379	0.502	0.547	0.788	0.859	0.930	1.117	1.266	1.410	1.537	1.731	2.417	2.889	3.280	4.502	4.588	4.338	4.248	4.719	4.337	3.913	3.642	3.582	3.322	3.564	3.512	3.676	3.779	4.157	3.993	4.246	4.239	4.248	4.768	4.839	4.788	5.223	5.000	5.226	5.258	5.024	4.701	4.997	4.841
360.0	1091	1460	1585	1435	1239	1060	970.5	964.9	981.0	1039	1103	1124	1134	1113	1033	925.3	831.6	724.8	633.3	615.7	623.5	445.4	322.0	247.1	185.3	147.7	158.0	515.3	976.3	218.8	6.029	1.400	0.772	0.591	0.660	0.608	0.772	0.842	0.972	1.157	1.238	1.372	1.484	1.842	2.185	2.648	3.188	4.193	4.379	4.246	4.090	4.617	4.512	4.508	4.006	3.654	3.707	3.876	4.018	4.087	3.981	4.353	4.225	4.383	4.490	4.500	4.598	4.786	5.232	4.901	5.009	5.151	5.163	5.228	5.197	4.980	4.990
365.0	1049	1346	1482	1404	1261	1151	1040	1027	1063	1110	1142	1148	1143	1102	1040	943.6	856.7	763.8	669.9	616.0	632.1	579.2	394.9	295.5	223.7	161.7	122.3	184.1	640.4	878.2	38.59	3.354	1.365	0.854	0.704	0.646	0.750	0.960	1.059	1.188	1.174	1.359	1.559	1.808	2.150	2.656	2.987	3.838	4.178	3.976	3.899	4.612	4.576	4.716	4.230	3.921	4.173	4.144	4.047	4.377	4.067	4.482	4.454	4.720	4.659	4.567	4.650	4.919	5.168	5.069	4.845	5.357	5.257	5.360	5.417	5.164	5.274
370.0	988.8	1253	1390	1374	1288	1205	1114	1101	1114	1156	1171	1160	1139	1091	1041	957.7	881.0	803.2	721.1	663.9	622.7	624.7	552.4	387.3	291.5	215.2	156.8	129.4	214.8	528.4	688.0	164.1	11.19	1.366	0.945	0.809	0.927	0.931	1.097	1.170	1.201	1.370	1.641	1.620	2.089	2.554	2.744	3.469	3.856	3.713	3.763	4.544	4.535	4.680	4.272	4.337	4.428	4.507	4.362	4.788	4.598	4.733	4.809	4.952	4.774	4.873	4.848	4.898	5.095	4.993	5.384	5.249	5.415	5.332	5.240	5.492	5.354
375.0	947.8	1179	1304	1339	1310	1242	1175	1148	1166	1194	1186	1180	1142	1080	1025	957.1	896.1	827.3	768.5	708.7	661.1	626.4	623.1	547.4	387.8	292.5	218.5	161.3	138.1	175.9	301.4	736.4	250.5	10.37	1.881	1.368	1.078	1.079	1.217	1.348	1.334	1.410	1.492	1.726	2.085	2.583	2.528	3.133	3.576	3.514	3.549	4.635	4.543	4.724	4.424	4.549	4.725	4.522	4.732	4.741	4.857	4.917	4.892	4.965	4.797	5.016	4.910	4.898	4.911	4.887	5.099	5.210	5.234	5.156	5.024	5.565	5.352
380.0	941.7	1126	1282	1308	1296	1263	1211	1176	1185	1212	1209	1190	1152	1081	1018	954.6	897.8	843.3	792.6	736.3	697.4	660.0	627.1	627.2	503.7	359.0	277.9	208.3	152.0	116.5	118.6	382.3	724.2	177.3	5.235	1.923	1.490	1.347	1.204	1.348	1.328	1.284	1.539	1.614	2.027	2.657	2.664	2.856	3.599	3.399	3.572	4.278	4.527	4.510	4.637	4.643	4.492	4.735	4.742	5.121	5.198	4.980	4.852	5.021	4.931	4.711	4.850	4.926	5.081	5.025	4.759	5.113	5.373	4.883	5.193	5.322	5.398
385.0	917.5	1106	1228	1276	1291	1279	1210	1169	1183	1216	1204	1192	1141	1076	1001	951.0	893.8	852.7	804.0	762.5	725.7	683.0	642.4	626.6	595.3	435.7	327.8	252.7	184.1	129.0	92.79	135.0	459.1	614.7	31.39	3.951	2.423	1.878	1.391	1.496	1.391	1.439	1.692	1.758	1.789	2.423	2.457	3.035	3.533	3.395	3.342	4.256	4.328	4.539	4.493	4.551	4.631	4.580	4.936	4.981	5.137	5.240	5.193	4.925	4.650	4.857	4.907	4.878	4.889	4.905	4.791	5.318	5.395	4.865	4.913	5.250	5.154
390.0	896.0	1044	1161	1227	1255	1267	1223	1177	1171	1210	1214	1193	1155	1086	1007	946.8	893.2	851.4	809.4	783.5	749.2	716.6	683.3	643.3	620.5	561.4	422.9	323.4	245.3	179.5	125.6	97.78	157.0	372.5	469.1	126.4	12.17	4.505	2.392	1.717	1.510	1.531	1.646	1.671	1.963	2.251	2.348	2.954	3.144	3.062	3.403	4.184	4.254	4.543	4.531	4.464	4.644	4.741	4.652	4.720	4.873	4.852	4.935	4.923	4.732	4.790	4.787	4.822	4.961	4.955	4.849	5.085	5.141	4.863	4.989	5.054	5.287
395.0	863.0	982.9	1128	1181	1209	1267	1203	1186	1200	1247	1280	1283	1233	1169	1078	983.5	916.5	859.2	828.0	802.7	790.2	779.9	758.3	723.0	683.9	651.2	595.0	450.3	346.1	267.3	195.6	140.1	114.9	140.8	230.0	515.9	192.8	15.99	6.090	2.852	1.879	1.666	1.665	1.860	2.169	2.396	2.458	2.953	3.232	2.873	3.161	3.948	4.124	4.659	4.523	4.466	4.803	4.520	4.771	4.970	5.128	4.766	4.968	4.771	5.245	4.711	4.771	4.932	4.958	5.484	4.885	4.870	5.222	5.064	4.780	5.138	5.720
400.0	859.0	972.7	1089	1149	1207	1243	1233	1224	1255	1338	1412	1439	1388	1306	1185	1065	955.4	882.2	846.3	833.1	838.4	846.7	845.3	827.1	791.9	745.7	725.1	614.7	469.2	362.7	277.0	203.8	147.1	120.6	122.2	309.6	520.6	133.2	12.73	5.016	2.555	1.834	1.827	2.025	2.039	2.307	2.456	2.863	3.033	3.019	3.076	4.100	4.216	4.476	4.705	4.755	4.867	4.920	4.910	4.873	5.290	4.812	4.889	4.960	5.114	4.661	4.888	4.930	5.134	5.498	5.028	5.154	5.296	5.104	4.839	5.185	5.898
405.0	848.1	953.5	1073	1129	1177	1238	1252	1256	1319	1463	1578	1637	1586	1480	1325	1165	1013	914.1	870.7	873.9	890.4	917.3	935.5	936.5	923.5	870.7	830.4	776.9	621.9	481.0	366.6	277.9	204.8	155.0	131.0	163.2	382.2	438.5	30.60	7.836	3.587	2.428	2.040	2.203	2.265	2.458	2.315	2.855	2.993	3.185	3.078	4.171	4.343	4.465	4.776	4.836	5.200	5.025	4.911	5.031	5.358	5.168	5.127	5.320	5.172	5.094	4.835	5.240	5.412	5.832	5.529	5.486	5.671	5.539	5.104	5.411	5.632
410.0	815.6	930.2	1022	1084	1144	1215	1246	1280	1388	1554	1731	1801	1762	1628	1445	1245	1056	931.5	884.1	890.3	922.3	965.5	1010	1036	1030	987.4	932.3	870.2	778.5	609.8	468.3	357.3	267.1	204.2	168.7	158.0	192.9	314.1	290.4	104.9	8.700	3.054	2.535	2.396	2.278	2.484	2.318	2.911	2.997	3.139	3.100	4.355	4.544	4.466	4.795	4.834	5.232	5.113	5.066	5.163	5.137	5.389	5.475	5.248	5.201	5.203	5.024	5.334	5.535	5.694	5.761	5.809	5.589	5.609	5.339	5.507	5.650
415.0	778.0	889.1	963.0	1043	1117	1169	1215	1264	1359	1535	1711	1767	1734	1599	1434	1221	1020	899.6	858.5	859.5	891.5	944.2	993.0	1031	1026	989.8	938.9	860.8	779.3	680.2	515.2	390.2	295.8	227.6	186.5	162.7	147.3	140.3	168.0	358.3	128.1	5.862	3.002	2.505	2.307	2.396	2.510	2.816	2.934	2.954	2.994	4.138	4.141	4.400	4.468	4.870	4.908	5.230	5.030	4.949	5.055	5.069	5.125	5.103	5.183	5.179	5.246	5.183	5.481	5.357	5.414	5.554	5.474	5.475	5.415	5.311	5.410
420.0	757.9	852.8	918.0	987.3	1047	1118	1190	1222	1317	1478	1633	1689	1640	1526	1356	1158	972.5	856.5	825.2	825.1	856.6	904.5	953.5	982.6	991.1	958.5	902.6	830.1	743.8	667.8	545.9	396.9	301.0	231.3	192.7	164.2	135.6	98.46	75.75	205.7	330.2	27.62	3.892	2.818	2.463	2.397	2.375	3.106	2.735	2.767	2.967	3.970	4.046	4.159	4.186	4.494	4.711	4.859	4.973	4.744	5.107	4.909	5.147	5.144	5.117	4.994	4.980	4.924	5.056	5.097	5.193	5.345	5.446	5.131	5.138	4.774	5.047
425.0	733.3	815.5	874.7	957.0	1013	1106	1170	1200	1282	1433	1571	1628	1575	1462	1293	1111	937.4	826.2	794.4	795.3	824.0	869.0	914.3	954.5	963.2	934.0	888.0	817.0	729.7	639.9	562.7	418.7	308.7	239.3	199.5	169.1	135.0	91.10	54.27	70.98	234.1	221.3	21.20	3.199	2.504	2.363	2.406	2.658	2.854	2.614	2.889	3.677	4.065	4.180	3.980	4.599	4.686	4.813	4.990	4.736	5.011	4.961	5.125	4.962	4.759	4.828	4.983	4.757	5.115	5.038	4.870	4.973	5.144	4.877	5.046	4.799	5.104
430.0	761.0	788.3	858.4	920.0	997.0	1094	1166	1222	1286	1429	1573	1623	1566	1446	1285	1096	916.6	800.6	771.7	779.7	806.1	851.8	902.7	948.2	958.8	938.0	899.4	830.5	742.4	647.1	564.9	467.7	348.0	260.7	216.9	186.2	151.0	101.3	57.20	39.65	72.76	177.6	220.3	74.93	5.350	2.709	2.463	2.827	2.645	2.540	2.881	3.642	3.741	4.173	4.173	4.359	4.689	4.767	4.903	4.845	4.963	5.038	4.946	4.746	4.677	4.805	4.718	4.995	4.724	4.783	4.973	4.731	4.839	4.834	4.747	4.689	4.855
435.0	1049	757.7	830.0	903.9	975.1	1097	1182	1239	1286	1430	1568	1619	1565	1435	1271	1083	903.6	781.5	752.0	758.4	783.9	828.8	887.7	934.0	952.0	938.5	904.0	839.9	758.5	667.1	562.1	473.9	392.9	291.3	239.1	204.3	168.7	115.3	66.18	38.34	34.11	52.64	122.8	280.0	27.59	4.394	2.759	2.775	2.743	2.592	2.817	3.539	3.786	4.024	4.151	4.309	4.732	4.985	4.954	4.937	4.908	4.854	4.808	4.886	4.511	4.893	4.671	4.598	4.959	4.674	4.622	4.491	4.507	4.594	4.564	4.404	4.477
440.0	1367	791.7	796.1	889.5	976.6	1086	1180	1229	1273	1396	1516	1562	1505	1382	1223	1049	878.0	752.1	730.8	732.3	751.5	796.7	849.3	896.6	920.0	906.6	874.4	818.8	742.6	650.2	556.2	459.1	394.6	314.6	245.7	208.6	173.5	119.7	71.58	41.45	28.55	26.12	40.64	174.4	216.7	23.85	3.249	2.925	2.769	2.511	2.650	3.453	3.706	4.131	3.949	4.538	4.790	4.942	5.092	4.988	5.034	4.657	4.801	4.629	4.436	4.345	4.398	4.514	4.954	4.600	4.772	4.594	4.536	4.492	4.420	4.299	4.289
445.0	1505	923.6	772.8	860.1	971.5	1075	1166	1206	1231	1323	1427	1453	1407	1284	1148	985.7	824.4	715.3	691.2	694.9	709.8	743.7	793.8	834.4	858.0	847.7	824.1	771.5	701.8	617.1	531.2	438.8	370.9	318.8	252.0	206.7	172.0	120.9	74.90	45.56	30.59	22.90	21.75	55.64	196.1	192.3	16.03	3.424	2.722	2.343	2.542	3.428	3.595	3.858	4.116	4.357	4.729	4.910	4.820	4.952	4.712	4.466	4.575	4.406	4.365	4.332	4.317	4.111	4.573	4.401	4.658	4.557	4.201	4.095	4.192	4.024	4.110
450.0	1091	1306	787.3	798.3	903.2	1027	1127	1149	1160	1201	1272	1288	1243	1136	1014	879.6	752.6	662.7	636.0	638.2	643.6	668.4	710.0	742.2	760.6	751.4	727.4	689.8	633.6	562.3	487.8	406.4	337.4	289.2	255.2	205.7	165.9	116.9	77.02	50.60	35.89	25.99	20.49	24.30	60.31	157.7	177.1	53.81	4.365	2.545	2.461	3.255	3.496	3.617	3.985	4.039	4.456	4.414	4.784	4.595	4.528	4.342	4.149	4.118	4.031	3.928	3.912	4.033	3.931	3.980	4.008	4.059	3.901	3.716	3.776	3.950	4.114
455.0	725.2	1374	952.3	755.3	846.1	979.8	1079	1092	1082	1101	1136	1142	1088	996.5	896.6	780.9	673.0	599.6	579.8	575.2	577.4	599.9	624.8	657.7	670.0	664.8	642.3	614.6	568.9	509.3	446.1	374.2	311.2	260.4	232.7	212.3	161.9	116.5	79.10	55.73	40.45	30.95	23.62	19.86	24.66	44.41	99.78	199.2	22.61	3.359	2.716	3.112	3.313	3.364	3.605	3.959	3.916	4.219	4.490	4.377	4.227	4.140	3.894	3.737	3.639	3.536	3.647	3.642	3.861	3.614	3.606	3.499	3.615	3.476	3.649	3.634	3.497
460.0	566.2	1095	1295	746.1	829.4	937.0	1018	1052	1035	1026	1039	1052	991.9	912.3	821.1	720.4	622.7	558.3	535.9	532.7	531.7	546.9	570.4	603.4	613.3	608.8	590.1	562.4	528.8	475.6	419.3	355.7	296.4	244.9	216.3	202.1	167.8	116.7	80.27	57.58	43.66	34.86	26.75	20.58	17.97	19.24	31.50	128.8	171.8	17.02	2.907	3.035	2.979	3.198	3.370	3.863	3.810	4.159	4.233	3.958	4.121	4.054	3.760	3.412	3.362	3.564	3.394	3.398	3.230	3.299	3.174	3.217	3.388	3.324	3.472	3.360	3.171
465.0	534.9	755.1	1413	845.4	773.9	871.5	964.5	998.8	963.5	962.5	983.0	969.6	915.3	846.7	765.0	664.9	582.3	519.2	498.9	494.9	489.4	503.1	526.6	552.6	562.3	559.9	544.7	521.9	489.2	444.5	392.8	337.1	281.0	232.6	201.9	183.0	170.2	120.4	80.46	58.76	45.92	36.86	28.83	22.77	17.89	14.59	15.46	40.26	145.7	129.7	12.95	3.225	2.989	3.049	3.142	3.416	3.533	3.947	3.933	4.082	3.908	3.849	3.606	3.120	3.179	3.130	3.233	3.193	3.175	3.187	2.979	3.111	2.919	2.954	2.981	3.066	3.068
470.0	497.5	549.6	1025	1191	740.6	800.3	887.1	904.2	885.6	863.3	872.3	862.2	814.6	753.0	671.1	593.1	517.3	464.4	446.2	441.8	431.9	442.0	462.0	481.7	493.9	490.6	480.1	458.8	434.7	398.6	353.9	304.7	256.6	214.7	187.6	165.1	151.3	123.2	84.76	60.50	47.42	38.31	30.99	24.84	19.69	15.26	12.80	16.44	44.16	106.2	116.0	39.43	3.940	3.155	3.046	3.098	3.389	3.522	3.598	3.531	3.493	3.457	3.092	2.997	2.921	2.794	2.864	2.711	2.760	2.797	2.643	2.762	2.695	2.647	2.555	2.843	2.666
475.0	469.9	475.1	610.2	1198	909.2	719.5	790.6	802.0	780.6	762.3	748.6	746.1	701.1	644.0	577.3	513.3	450.8	404.1	390.5	381.3	378.2	380.4	394.8	410.3	419.7	417.4	412.1	392.4	374.3	346.3	311.0	270.7	228.4	194.5	168.4	148.5	130.2	111.6	90.95	64.71	48.72	38.97	32.89	26.90	21.73	16.58	13.03	12.15	16.38	29.30	63.75	134.6	21.53	3.655	2.998	2.881	3.034	3.019	3.078	3.232	3.062	3.133	2.797	2.636	2.630	2.453	2.164	2.535	2.499	2.417	2.237	2.564	2.313	2.329	2.259	2.496	2.342
480.0	456.0	452.9	485.9	899.9	1159	682.7	727.0	734.4	719.1	683.1	674.2	663.3	623.0	570.5	513.0	454.4	403.3	366.0	351.1	347.4	339.1	340.2	348.5	363.2	370.7	368.7	360.6	347.8	333.3	310.0	282.4	244.7	208.8	180.0	156.2	137.1	118.7	99.18	87.60	69.09	50.46	40.14	33.89	28.28	22.91	17.94	14.23	11.61	10.80	12.05	19.86	82.93	125.9	18.81	3.212	2.850	2.924	3.075	2.818	2.969	2.882	2.788	2.528	2.370	2.314	2.228	2.145	2.239	2.300	2.050	2.215	2.287	2.209	2.231	2.027	2.094	2.189
485.0	431.0	440.0	434.9	604.0	1225	748.6	664.6	684.2	659.2	628.2	615.0	590.9	560.3	511.3	464.2	410.9	367.0	333.2	322.3	315.2	306.8	307.5	316.0	325.2	331.5	329.6	324.3	317.2	303.1	282.9	256.3	224.3	193.0	165.4	146.7	127.7	109.9	91.56	79.84	70.07	53.60	40.81	34.27	29.33	23.92	19.46	15.57	12.46	10.03	8.791	9.372	26.38	107.2	112.1	12.75	2.946	2.797	2.956	2.668	2.705	2.584	2.570	2.520	2.338	2.302	2.004	2.050	2.069	2.019	2.000	1.982	2.032	1.948	1.881	1.917	2.131	2.092
490.0	353.8	431.1	409.5	449.6	873.7	1038	635.1	623.0	594.1	564.3	545.6	528.4	500.6	453.2	406.6	365.9	325.8	298.6	288.7	280.2	269.7	270.3	277.8	283.6	288.5	287.9	284.9	275.9	264.7	250.1	228.5	202.0	174.7	150.7	132.2	117.1	102.2	84.85	70.78	65.04	58.30	45.00	35.61	30.08	24.77	20.44	17.28	14.17	10.91	9.033	8.027	10.92	32.63	84.15	103.8	35.44	3.698	2.771	2.652	2.546	2.449	2.302	2.296	2.016	2.092	1.895	1.926	1.839	1.833	1.899	1.710	1.721	1.670	1.660	1.716	1.885	1.801
495.0	292.2	395.7	386.0	388.2	537.1	1045	757.2	557.6	532.4	500.1	481.7	464.8	431.9	395.7	353.0	318.1	285.4	263.2	250.5	244.5	234.2	234.2	237.8	245.4	246.2	248.2	245.5	240.5	230.7	218.1	203.1	180.4	156.1	136.2	119.8	106.2	93.05	78.25	64.67	57.56	54.95	50.75	37.99	30.05	25.33	21.30	17.64	15.10	12.25	10.09	8.687	8.124	12.73	23.61	59.83	121.8	23.22	3.409	2.394	2.371	2.237	2.068	1.953	1.935	1.910	1.540	1.711	1.568	1.588	1.615	1.558	1.602	1.600	1.433	1.699	1.827	1.364
500.0	267.8	346.3	369.9	354.1	412.9	795.3	957.5	520.6	478.4	454.1	438.8	417.9	391.6	352.9	318.8	284.2	257.7	233.7	225.2	218.5	210.6	207.9	213.4	217.8	219.8	219.0	217.8	213.2	204.8	195.9	182.9	163.3	141.3	124.2	110.2	96.96	86.10	73.21	60.76	52.86	48.84	49.22	41.84	31.36	25.93	21.82	18.30	15.44	13.08	10.86	9.194	8.138	8.214	10.19	18.64	73.69	112.7	18.50	2.225	2.165	2.040	1.908	1.952	1.594	1.609	1.481	1.669	1.387	1.462	1.534	1.337	1.422	1.476	1.243	1.540	1.520	1.351
505.0	241.5	288.2	359.0	332.3	365.0	524.6	1025	555.8	429.8	408.8	392.8	379.9	349.0	318.2	287.2	258.3	230.7	211.5	200.8	193.5	190.3	185.0	191.0	194.2	196.8	196.6	192.8	189.9	182.8	175.3	164.9	147.0	128.7	112.7	100.3	90.11	79.17	67.88	56.89	50.28	44.33	45.20	43.78	33.28	26.41	21.35	18.52	15.76	13.38	11.15	9.273	8.440	7.624	7.558	8.548	23.20	86.64	91.54	12.12	2.121	2.087	1.741	1.694	1.408	1.469	1.350	1.544	1.319	1.278	1.330	1.228	1.261	1.163	1.129	1.345	1.251	1.239
510.0	214.0	235.0	302.6	318.9	307.9	373.5	708.3	768.6	399.9	355.2	341.5	324.0	302.5	272.7	245.0	219.3	196.9	182.2	173.4	164.8	160.6	158.2	161.9	164.1	165.2	165.8	163.3	159.6	155.2	149.5	140.6	126.6	111.5	98.08	87.66	79.66	69.62	61.00	51.48	44.92	40.49	37.98	38.42	35.75	27.95	21.63	18.71	15.93	13.70	11.35	9.821	8.833	7.908	7.174	6.764	9.449	25.68	64.47	73.78	15.62	2.698	1.641	1.551	1.308	1.178	1.286	1.344	1.172	1.254	1.067	1.179	1.082	1.063	0.942	1.052	1.112	1.182
515.0	181.7	192.8	223.4	293.3	271.5	297.6	400.5	802.7	511.2	299.8	286.1	271.9	249.4	228.3	203.9	183.5	163.8	152.5	144.4	140.1	134.2	131.9	133.8	136.4	137.0	136.3	134.2	132.3	130.6	125.9	118.5	107.3	95.63	84.42	75.57	68.33	61.11	52.65	45.60	40.48	36.60	33.51	31.28	32.61	29.63	22.11	17.76	15.32	13.20	11.21	10.11	9.393	7.982	7.266	6.331	6.494	9.375	17.67	37.68	79.34	21.34	2.033	1.418	1.273	1.129	1.092	0.943	0.920	0.989	0.923	0.879	0.789	0.984	0.909	0.932	0.951	1.054
520.0	150.9	179.4	186.8	246.4	265.1	251.5	299.5	583.0	700.2	276.0	255.9	236.0	215.3	199.7	179.1	160.1	143.8	132.7	127.5	121.6	115.7	113.3	114.4	117.5	117.7	118.1	116.3	114.2	113.8	108.1	104.0	94.06	83.53	74.76	67.56	60.18	54.24	46.14	41.98	37.64	32.63	29.70	28.69	27.95	28.67	23.69	17.54	14.81	12.95	10.95	9.646	9.349	8.238	6.990	6.088	5.642	5.876	7.067	11.52	46.72	76.68	14.71	1.343	1.081	1.110	0.958	0.900	0.783	0.864	0.861	0.866	0.656	0.848	0.850	0.899	0.793	0.753
525.0	141.4	165.5	162.3	211.4	249.3	233.8	243.8	353.9	768.6	334.3	227.1	207.6	194.6	178.8	158.2	139.7	127.5	117.2	112.4	109.0	101.6	99.93	101.0	103.1	103.7	100.2	101.4	100.9	99.68	94.96	89.82	82.92	73.72	66.58	60.52	54.05	49.24	42.45	37.87	34.13	30.45	28.01	25.86	24.29	25.67	23.55	18.47	14.28	12.56	10.69	9.120	8.786	8.069	7.090	5.962	5.301	4.943	4.540	5.159	14.02	55.54	60.91	8.079	1.007	0.971	0.943	0.795	0.695	0.866	0.792	0.816	0.672	0.666	0.757	0.821	0.775	0.923
530.0	121.0	139.6	143.5	158.9	224.1	213.1	203.4	240.3	512.7	568.8	214.1	181.9	165.8	149.6	132.5	118.5	108.5	98.50	95.73	91.07	87.06	84.89	86.10	86.92	86.22	85.90	85.66	85.60	83.38	80.59	76.04	70.90	63.50	56.90	51.63	46.41	42.54	37.52	33.42	30.19	27.06	25.07	22.65	21.20	20.69	21.41	19.09	14.75	11.71	9.865	8.894	8.156	7.836	7.061	6.275	5.326	4.613	4.011	3.651	5.198	15.87	40.63	39.43	13.41	1.511	0.920	0.717	0.755	0.750	0.659	0.694	0.595	0.584	0.575	0.619	0.555	0.671
535.0	106.5	111.3	118.5	132.0	173.0	210.5	180.7	183.5	252.2	619.3	341.4	156.2	137.8	124.8	112.2	99.70	89.63	83.26	80.21	75.25	72.79	70.69	71.77	72.27	71.53	71.69	71.88	70.31	69.75	67.59	63.99	59.64	53.83	47.95	43.81	38.94	35.77	32.58	29.31	26.27	24.62	22.15	20.24	19.05	17.77	17.45	17.59	15.28	11.38	9.332	8.281	7.241	7.192	6.284	6.445	5.129	4.556	3.733	3.081	3.058	5.385	10.50	21.09	51.40	17.85	1.058	0.662	0.690	0.586	0.541	0.649	0.515	0.503	0.573	0.559	0.502	0.554
540.0	95.19	99.66	108.3	116.1	135.5	199.6	167.8	154.8	173.6	418.5	543.0	148.0	122.1	109.9	98.80	87.27	79.41	74.56	69.74	64.96	64.30	61.75	63.09	62.69	64.12	62.26	62.55	61.03	61.68	59.33	56.79	51.96	47.01	42.75	38.42	35.02	32.24	29.12	26.35	23.65	21.84	19.66	18.16	17.40	15.87	14.88	15.18	15.43	12.04	9.118	7.670	6.976	6.723	5.981	5.905	5.083	4.412	3.620	3.028	2.459	3.013	3.817	6.177	29.01	49.42	10.52	0.722	0.715	0.597	0.490	0.520	0.446	0.447	0.446	0.502	0.576	0.544
545.0	96.15	93.82	101.7	97.04	109.2	170.3	170.4	135.7	144.0	225.0	628.4	189.1	109.8	97.46	86.52	78.17	69.13	65.53	61.50	57.99	57.61	54.83	54.78	55.35	55.62	54.05	53.37	54.34	54.74	53.41	49.73	46.07	42.36	38.41	33.99	31.03	29.09	25.82	22.95	21.42	19.87	18.40	16.63	16.11	14.96	13.65	13.10	14.04	12.35	9.226	7.334	6.497	6.267	5.719	5.162	4.831	4.188	3.477	2.875	2.475	2.063	2.350	2.677	8.350	34.01	40.69	5.299	0.640	0.588	0.472	0.439	0.417	0.379	0.355	0.459	0.441	0.476
550.0	86.52	92.64	85.24	87.10	91.25	123.7	169.1	128.7	122.2	139.9	389.9	437.0	112.8	83.89	73.61	65.53	58.89	53.88	51.57	49.37	48.03	46.73	46.86	46.71	46.53	45.31	45.01	45.68	44.36	44.57	42.34	39.17	36.09	32.60	29.43	26.75	24.86	22.34	20.38	18.53	17.12	16.09	14.99	13.82	12.85	11.78	11.00	10.92	11.08	9.614	7.378	6.115	5.592	5.202	4.993	4.578	4.043	3.539	2.900	2.306	1.929	1.725	1.743	2.822	9.439	26.16	29.68	11.47	0.910	0.526	0.437	0.383	0.327	0.358	0.336	0.385	0.375
555.0	87.10	93.72	81.36	73.86	75.12	89.08	141.0	135.0	105.3	105.2	170.2	484.6	235.4	71.99	62.05	55.65	50.49	44.92	44.05	40.92	39.95	38.45	38.23	38.62	38.21	38.33	37.19	37.50	36.54	36.91	34.79	32.93	29.33	26.39	24.82	22.64	21.08	19.03	17.66	15.83	14.44	13.97	13.04	12.18	11.14	10.42	9.662	8.303	8.824	9.298	8.040	5.964	5.179	4.673	4.494	3.991	3.575	3.329	2.940	2.176	1.806	1.691	1.533	1.466	2.845	6.639	14.35	36.42	13.01	0.685	0.366	0.312	0.352	0.359	0.351	0.364	0.292
560.0	97.97	86.73	76.62	65.43	67.64	72.85	107.6	142.4	96.14	92.83	106.7	306.7	415.3	72.29	54.67	49.25	43.33	39.34	38.01	35.94	35.54	33.58	32.97	33.10	32.56	32.78	32.65	31.76	32.22	31.70	30.26	27.90	25.30	23.33	21.68	19.50	17.89	16.72	15.11	14.63	12.98	12.24	11.40	10.97	10.18	9.248	7.977	7.468	6.923	7.707	7.581	6.199	4.828	4.351	3.745	3.552	3.121	3.062	2.937	2.129	1.860	1.642	1.282	1.222	1.316	2.122	4.120	20.15	30.95	6.747	0.458	0.382	0.330	0.317	0.310	0.272	0.228
565.0	88.24	82.78	69.65	60.38	64.25	66.16	86.16	137.1	96.93	83.83	88.94	149.8	486.9	114.5	46.03	41.48	37.94	35.07	33.04	30.95	30.32	29.32	28.29	28.14	28.86	28.83	28.18	27.75	27.97	27.47	25.84	23.96	22.97	20.38	19.00	17.13	15.77	14.15	13.21	12.43	11.27	10.65	10.25	9.539	9.007	8.030	7.294	6.819	5.844	6.046	6.820	6.370	4.798	3.885	3.486	3.182	2.891	2.744	2.417	2.245	1.821	1.502	1.283	1.045	1.165	1.088	1.547	5.582	22.61	26.16	3.172	0.367	0.272	0.324	0.319	0.202	0.340
570.0	87.69	76.95	64.68	52.07	53.86	56.07	64.39	100.4	111.6	76.67	75.74	84.45	276.4	315.2	50.29	34.62	30.56	28.03	26.82	25.16	24.35	24.25	22.65	23.23	22.75	22.73	22.80	22.59	22.96	22.13	21.36	19.64	18.39	16.63	15.11	13.90	12.90	11.82	10.80	9.963	9.441	8.867	8.301	7.912	7.268	6.751	6.175	5.600	4.981	4.728	4.975	5.491	4.814	3.726	3.011	2.809	2.510	2.316	1.949	1.969	1.772	1.490	1.198	0.987	0.946	0.883	0.924	1.739	6.205	17.22	20.23	6.263	0.403	0.313	0.236	0.155	0.269
575.0	89.27	69.87	56.02	43.87	40.59	41.54	48.84	65.25	112.6	77.38	65.11	64.07	103.9	351.8	111.1	27.24	23.87	21.16	20.78	19.20	19.00	18.01	17.59	17.96	17.43	17.57	17.05	17.66	17.91	17.04	16.22	14.68	14.38	12.88	11.44	10.61	10.08	9.307	8.473	7.858	7.397	6.860	6.804	5.991	5.931	5.489	4.941	4.619	3.967	3.664	3.534	3.949	4.254	3.682	2.549	2.353	1.949	1.784	1.671	1.600	1.531	1.656	1.147	0.951	0.821	0.704	0.690	0.788	1.888	4.243	9.968	20.84	6.405	0.331	0.167	0.140	0.151
580.0	81.32	77.60	54.56	40.09	36.31	35.88	41.53	50.51	93.67	88.57	61.11	56.80	59.27	212.6	269.7	28.46	18.73	17.13	16.35	15.61	15.10	14.58	14.42	14.65	13.72	14.01	13.68	13.79	13.51	13.21	12.96	12.34	11.31	10.17	9.411	8.278	8.349	7.464	6.998	6.486	6.159	5.717	5.428	5.107	5.028	4.512	3.795	3.891	3.196	2.915	2.780	3.096	3.344	3.303	2.489	1.939	1.739	1.534	1.470	1.264	1.280	1.378	1.189	0.853	0.732	0.658	0.546	0.614	0.893	1.327	2.738	12.14	17.81	3.025	0.141	0.153	0.064
585.0	71.68	62.76	51.92	34.87	30.21	30.50	37.15	39.34	71.00	98.02	58.96	51.69	45.17	91.09	333.6	59.77	14.72	15.24	13.19	13.07	12.31	11.38	11.89	11.85	10.78	11.04	10.70	10.87	10.76	11.30	10.50	9.697	8.892	8.640	7.692	7.066	6.395	5.907	5.702	5.274	4.934	4.685	4.379	4.201	4.043	3.718	3.215	3.028	2.931	2.300	2.330	2.341	2.527	2.903	2.396	1.807	1.441	1.246	1.139	0.992	1.003	1.182	1.082	1.023	0.632	0.599	0.548	0.558	0.624	0.659	0.908	3.417	13.54	12.77	1.231	0.182	0.056
590.0	67.55	62.42	43.94	28.78	26.33	25.74	29.71	34.22	48.03	90.86	68.90	48.49	40.21	42.75	190.3	193.5	18.42	11.52	10.48	9.575	9.700	8.630	8.872	9.109	8.423	8.677	8.483	8.158	8.524	8.498	7.964	7.537	7.022	6.351	5.815	5.562	5.149	4.594	4.267	4.067	3.600	3.509	3.395	3.300	3.191	2.821	2.621	2.249	2.225	1.838	1.750	1.711	1.731	2.080	2.218	1.761	1.241	1.119	0.977	0.855	0.781	0.789	0.773	0.943	0.682	0.589	0.510	0.482	0.510	0.454	0.495	1.034	3.822	9.385	9.443	2.756	0.173
595.0	56.77	53.61	41.39	27.63	21.28	22.15	24.86	28.60	36.07	66.05	88.05	46.62	37.61	29.45	60.97	231.4	68.41	8.815	8.497	7.178	7.155	6.567	6.773	6.649	6.375	6.384	6.109	6.482	6.020	6.036	5.895	5.773	5.135	4.707	4.286	4.343	3.994	3.405	3.340	3.081	2.728	2.632	2.580	2.352	2.419	2.216	1.961	1.707	1.761	1.373	1.392	1.317	1.227	1.421	1.650	1.635	1.308	0.913	0.784	0.711	0.620	0.597	0.566	0.659	0.794	0.517	0.493	0.403	0.413	0.402	0.345	0.407	1.043	2.350	5.350	10.55	2.478
600.0	48.56	44.35	37.20	23.69	19.29	22.21	23.78	27.57	31.10	46.68	87.82	51.54	38.07	27.05	27.50	140.6	162.8	10.11	6.594	5.522	5.953	5.417	5.250	5.598	5.102	5.114	5.265	5.496	5.246	4.760	4.596	4.410	4.105	3.869	3.636	3.429	3.221	2.853	2.652	2.503	2.265	2.256	1.960	2.065	2.091	1.685	1.733	1.521	1.521	1.175	1.070	1.082	1.015	1.118	1.254	1.316	1.238	0.800	0.673	0.547	0.573	0.571	0.434	0.568	0.690	0.712	0.540	0.385	0.381	0.340	0.308	0.251	0.370	0.671	1.459	7.071	8.776
605.0	45.75	40.26	31.73	22.74	18.99	21.32	21.28	26.40	29.31	37.83	78.14	64.35	37.29	28.44	20.18	55.63	211.7	29.19	5.787	4.914	4.544	4.603	4.266	4.477	4.254	4.340	4.313	4.352	4.155	4.288	4.029	3.579	3.194	3.162	3.026	2.733	2.615	2.493	2.154	2.106	1.890	1.801	1.703	1.631	1.619	1.359	1.488	1.210	1.302	0.956	0.941	0.837	0.899	0.856	1.001	1.122	1.095	0.880	0.599	0.593	0.527	0.555	0.413	0.372	0.456	0.712	0.518	0.356	0.448	0.288	0.319	0.206	0.247	0.317	0.422	2.077	7.628
610.0	39.45	38.17	29.92	21.51	18.65	17.75	21.11	24.82	29.41	38.19	60.89	80.97	43.41	30.00	20.17	24.09	127.1	112.8	7.525	3.950	3.668	3.659	3.559	3.767	3.418	3.355	3.330	3.303	3.358	3.318	3.190	2.872	2.603	2.470	2.357	2.202	2.183	1.943	1.732	1.667	1.565	1.417	1.355	1.291	1.192	1.098	1.127	0.987	0.947	0.798	0.721	0.703	0.692	0.669	0.679	0.752	0.921	0.894	0.631	0.520	0.469	0.409	0.390	0.319	0.395	0.536	0.554	0.440	0.317	0.353	0.219	0.174	0.207	0.188	0.186	0.541	2.149
615.0	31.85	34.56	28.63	22.15	17.01	18.08	20.86	23.66	29.41	38.15	46.88	76.70	54.78	32.94	22.19	17.04	41.49	156.0	40.53	3.420	2.866	2.823	2.732	2.814	2.492	2.676	2.417	2.415	2.558	2.390	2.259	2.049	2.136	1.704	1.811	1.613	1.478	1.533	1.525	1.394	1.277	1.095	1.020	0.953	0.908	0.925	0.882	0.684	0.770	0.686	0.577	0.662	0.533	0.496	0.487	0.530	0.490	0.778	0.679	0.469	0.327	0.393	0.340	0.396	0.338	0.278	0.470	0.488	0.373	0.379	0.122	0.188	0.204	0.149	0.161	0.200	0.592
620.0	34.04	35.28	28.10	18.69	16.91	17.56	17.93	23.46	26.58	34.11	42.78	65.14	64.52	32.67	22.10	16.12	19.03	102.1	102.5	3.654	2.454	2.294	2.088	2.191	2.122	2.224	2.132	2.049	2.258	1.809	1.911	1.764	1.537	1.442	1.477	1.407	1.167	1.163	1.239	1.183	0.931	0.804	0.955	0.878	0.802	0.751	0.750	0.568	0.646	0.651	0.551	0.511	0.470	0.466	0.366	0.409	0.419	0.546	0.572	0.462	0.303	0.361	0.324	0.333	0.294	0.255	0.321	0.400	0.461	0.345	0.170	0.139	0.209	0.144	0.157	0.106	0.199
625.0	30.42	33.36	25.75	18.90	16.06	17.71	18.67	23.09	23.94	33.48	40.45	52.17	71.15	36.88	22.61	15.16	13.75	43.21	146.2	15.16	2.047	2.201	1.883	1.829	1.517	1.707	1.812	1.923	1.705	1.698	1.525	1.449	1.300	1.373	1.257	1.132	1.013	0.849	0.990	0.814	0.805	0.803	0.755	0.804	0.656	0.685	0.650	0.534	0.486	0.454	0.473	0.442	0.394	0.361	0.353	0.377	0.295	0.394	0.464	0.414	0.407	0.307	0.290	0.257	0.291	0.295	0.271	0.312	0.472	0.406	0.207	0.139	0.252	0.186	0.177	0.098	0.095
630.0	28.83	27.27	26.65	17.27	14.24	17.42	18.56	22.30	24.10	31.64	37.59	43.53	61.48	46.39	23.73	15.25	12.59	17.02	96.33	76.17	3.434	1.691	1.684	1.522	1.329	1.459	1.347	1.516	1.308	1.375	1.298	1.207	1.086	0.938	0.953	0.872	0.756	0.777	0.707	0.680	0.739	0.604	0.614	0.553	0.469	0.483	0.437	0.459	0.404	0.363	0.372	0.352	0.284	0.331	0.273	0.302	0.290	0.287	0.311	0.410	0.349	0.298	0.199	0.214	0.217	0.269	0.227	0.236	0.268	0.440	0.343	0.188	0.180	0.125	0.130	0.124	0.136
635.0	25.75	28.24	25.62	18.29	14.22	15.44	15.80	21.12	24.79	29.27	34.56	42.03	47.68	55.41	27.58	16.34	12.68	10.60	29.03	115.9	24.17	1.290	1.353	1.316	1.015	1.125	1.002	1.058	1.059	1.293	0.865	0.836	0.763	0.852	0.775	0.612	0.713	0.637	0.525	0.499	0.586	0.446	0.572	0.439	0.353	0.385	0.436	0.363	0.318	0.210	0.267	0.248	0.284	0.267	0.228	0.359	0.261	0.296	0.240	0.283	0.301	0.270	0.195	0.200	0.184	0.212	0.171	0.198	0.250	0.390	0.331	0.243	0.213	0.131	0.150	0.097	0.124
640.0	28.23	29.96	23.66	19.48	14.44	13.56	16.91	19.38	24.86	28.81	32.60	42.02	42.53	53.96	31.73	16.58	13.46	9.671	10.23	81.94	59.47	1.868	1.085	1.052	0.892	0.984	1.000	0.836	1.002	0.922	0.723	0.632	0.644	0.605	0.558	0.504	0.551	0.543	0.463	0.363	0.445	0.444	0.370	0.347	0.297	0.327	0.420	0.325	0.244	0.208	0.188	0.167	0.254	0.214	0.191	0.211	0.157	0.239	0.149	0.218	0.274	0.297	0.204	0.161	0.230	0.249	0.189	0.188	0.165	0.182	0.307	0.349	0.213	0.203	0.113	0.084	0.193
645.0	34.50	35.08	25.44	18.66	14.28	13.53	16.70	21.41	22.89	29.03	36.95	39.74	40.45	48.41	39.57	19.04	14.19	9.694	6.393	34.20	102.4	7.443	1.045	0.920	0.930	0.731	0.804	0.748	0.871	0.733	0.673	0.797	0.552	0.546	0.500	0.419	0.433	0.356	0.393	0.345	0.410	0.396	0.278	0.323	0.280	0.296	0.270	0.271	0.273	0.210	0.154	0.122	0.159	0.208	0.190	0.171	0.153	0.162	0.213	0.146	0.163	0.299	0.199	0.188	0.192	0.189	0.229	0.242	0.168	0.121	0.295	0.374	0.347	0.156	0.121	0.183	0.108
650.0	37.08	45.74	35.41	21.52	14.94	13.94	17.44	19.90	23.94	29.94	36.34	39.84	40.46	41.36	44.78	21.42	14.76	9.714	5.880	11.62	92.43	32.92	1.106	0.848	0.774	0.624	0.713	0.711	0.775	0.700	0.565	0.585	0.544	0.443	0.434	0.337	0.332	0.280	0.305	0.287	0.292	0.194	0.258	0.240	0.261	0.225	0.260	0.270	0.216	0.162	0.181	0.094	0.144	0.170	0.122	0.173	0.134	0.101	0.121	0.109	0.216	0.261	0.188	0.169	0.184	0.224	0.262	0.190	0.217	0.189	0.298	0.270	0.340	0.152	0.153	0.064	0.117
