Sample:	'1
File name:	Default_20230511_144916.FD3
Run date:	'14:42:55, 05/11/2023
Operator:	user
Comment:	'

Instrument
Model:	F-2700 FL Spectrophotometer
Serial number:	2190-003
ROM Version:	4J14000 07

Instrument parameters
Measurement type:	3-D scan
Data mode:	Fluorescence
EX  Start WL:	220.0 nm
EX  End WL:	600.0 nm
EX Sampling interval:	5.0 nm
EM  Start WL:	230.0 nm
EM  End WL:	650.0 nm
EM Sampling interval:	5.0 nm
Scan speed:	12000 nm/min
EX Slit:	5.0 nm
EM Slit:	5.0 nm
PMT Voltage:	700 V
Response:	Auto 
Corrected spectra:	Off
Contour interval:	50.000

Peak integration
Integration method:	Rectangular
Sensitivity:	1
Threshold:	1.000

Peaks
No.	ApexEX/EM(nm)	Height(Data)
1	230.0/630.0	-1.165
2	235.0/575.0	11.25
3	235.0/625.0	-0.786
4	240.0/560.0	21.54
5	240.0/585.0	14.02
6	245.0/265.0	207.7
7	245.0/525.0	111.1
8	245.0/615.0	12.66
9	250.0/360.0	 7273
10	250.0/540.0	98.35
11	255.0/280.0	357.0
12	255.0/555.0	94.49
13	260.0/285.0	488.8
14	260.0/565.0	94.72
15	265.0/290.0	544.1
16	265.0/575.0	78.53
17	270.0/590.0	82.67
18	270.0/640.0	41.06
19	275.0/305.0	 1272
20	275.0/605.0	88.59
21	280.0/240.0	-0.901
22	280.0/310.0	 1264
23	280.0/615.0	81.60
24	285.0/315.0	 1247
25	285.0/630.0	66.53
26	290.0/240.0	-0.437
27	290.0/265.0	2.991
28	290.0/640.0	53.32
29	300.0/245.0	-1.467
30	305.0/260.0	0.812
31	305.0/340.0	679.3
32	310.0/255.0	-0.582
33	310.0/265.0	1.064
34	315.0/260.0	0.291
35	315.0/280.0	1.374
36	320.0/240.0	-0.854
37	320.0/255.0	0.193
38	320.0/360.0	528.3
39	325.0/365.0	474.1
40	325.0/600.0	4.029
41	335.0/380.0	423.0
42	340.0/280.0	0.174
43	340.0/385.0	411.0
44	345.0/390.0	363.8
45	350.0/400.0	351.3
46	355.0/405.0	356.9
47	360.0/410.0	316.8
48	365.0/415.0	297.9
49	370.0/260.0	-0.074
50	370.0/425.0	280.3
51	370.0/645.0	0.371
52	385.0/320.0	0.277
53	385.0/445.0	191.0
54	400.0/340.0	0.542
55	415.0/485.0	70.40
56	425.0/495.0	51.16
57	440.0/515.0	28.80
58	445.0/525.0	23.72
59	455.0/535.0	16.69
60	460.0/545.0	12.76
61	485.0/580.0	2.756
62	495.0/365.0	21.48
63	500.0/360.0	20.96
64	505.0/275.0	1.182
65	515.0/285.0	1.684
66	530.0/585.0	1.212
67	545.0/305.0	3.286
68	560.0/310.0	3.454
69	570.0/315.0	3.376
70	580.0/325.0	3.198

Data points
	220.0	225.0	230.0	235.0	240.0	245.0	250.0	255.0	260.0	265.0	270.0	275.0	280.0	285.0	290.0	295.0	300.0	305.0	310.0	315.0	320.0	325.0	330.0	335.0	340.0	345.0	350.0	355.0	360.0	365.0	370.0	375.0	380.0	385.0	390.0	395.0	400.0	405.0	410.0	415.0	420.0	425.0	430.0	435.0	440.0	445.0	450.0	455.0	460.0	465.0	470.0	475.0	480.0	485.0	490.0	495.0	500.0	505.0	510.0	515.0	520.0	525.0	530.0	535.0	540.0	545.0	550.0	555.0	560.0	565.0	570.0	575.0	580.0	585.0	590.0	595.0	600.0
230.0	-34.11	40.91	 1260	 1249	83.33	-15.58	-12.79	-9.393	-7.653	-6.516	-4.588	-6.472	-4.605	-4.325	-1.896	-2.862	-2.305	-2.203	-2.197	-1.783	-1.747	-0.811	-1.386	-1.099	-1.469	-1.388	-1.481	-1.480	-1.027	-1.164	-1.157	-1.378	-1.207	-0.616	-0.910	-0.461	-0.729	-0.815	-1.002	-0.673	-0.741	-0.646	-0.741	-0.856	-0.790	-0.912	-0.556	0.272	2.257	2.561	0.721	-0.516	-0.362	-0.420	-0.557	-0.655	-0.801	-0.739	-0.715	-0.747	-0.940	-0.860	-0.852	-0.836	-0.751	-1.032	-0.894	-0.918	-0.879	-0.605	-0.859	-0.936	-1.139	-0.941	-1.316	-1.126	-1.213
235.0	-33.99	-15.74	414.6	 1785	 1462	102.9	-7.361	-3.710	-11.95	-6.349	-8.145	-10.63	-1.408	-8.237	-2.590	-1.556	-2.785	-3.413	-3.249	-2.624	-1.327	-2.869	-2.151	-1.444	-0.784	-1.127	-1.398	-0.324	-2.201	-1.053	-1.227	-1.482	-1.285	-1.154	-1.067	-0.928	-0.771	-0.745	-0.963	-0.990	-0.163	-0.818	-1.059	-0.953	-0.518	-0.618	-0.625	-0.358	0.524	1.652	3.355	4.087	2.253	-0.559	-0.633	-1.031	-0.929	-0.964	-0.162	-1.028	-1.107	-1.041	-0.680	-1.089	-0.935	-0.728	-0.810	-1.318	-0.806	-0.743	-0.980	-1.206	-1.281	-0.675	-1.064	-0.817	-1.218
240.0	-20.28	0.341	70.67	827.9	 2709	 1407	80.65	-4.382	-10.96	-6.244	-6.499	-4.935	-0.901	-4.728	-0.437	-0.597	-2.556	-2.908	-3.254	-2.523	-0.854	-2.777	-1.708	-2.052	-1.355	-1.524	-1.991	-1.217	-0.731	-1.266	-0.813	-1.171	-1.172	-1.145	-1.404	-1.013	-0.595	-0.896	-0.880	-1.114	-1.128	-0.919	-0.636	-1.276	-0.870	-0.898	-0.250	-0.676	-0.174	0.328	1.333	4.793	6.967	4.808	0.953	-0.541	-0.480	-0.954	-0.569	-0.553	-0.878	-1.112	-0.566	-0.812	-0.721	-0.745	-1.144	-0.863	-0.789	-1.090	-1.007	-0.998	-1.186	-1.093	-1.204	-0.839	-0.981
245.0	-13.76	0.372	11.31	201.8	 1451	 3171	 1233	21.33	-7.677	-6.369	-6.230	-5.464	-2.032	-2.897	-2.710	-2.360	-1.467	-3.553	-1.704	-1.596	-3.449	-1.498	-1.289	-1.845	-1.656	-1.150	-2.183	-1.424	-0.860	-1.113	-0.848	-0.695	-1.043	-0.461	-0.551	-1.138	-0.632	-0.931	-0.352	-1.275	-1.259	-0.693	-0.573	-0.901	-0.366	-0.885	-0.127	-0.580	-0.458	-0.343	-0.039	0.990	3.797	7.756	7.394	3.817	0.470	-0.609	-0.227	-0.516	-0.794	-1.187	-0.896	-0.609	-0.609	-0.655	-0.801	-0.801	-0.848	-1.294	-0.788	-1.042	-1.398	-1.070	-1.151	-0.891	-0.842
250.0	-25.01	-15.02	22.46	69.90	344.0	 1540	 3215	 2534	338.5	-0.923	-1.355	-2.714	-3.842	-2.215	-2.244	-3.014	-2.584	-2.407	-2.510	-1.987	-1.890	-1.879	-1.215	-1.090	-1.387	-1.359	-1.757	-0.994	-0.656	-1.223	-1.208	-0.667	-1.251	-0.868	-0.935	-0.778	-1.196	-0.896	-0.519	-1.074	-0.706	-0.961	-0.788	-1.019	-0.585	-0.895	-0.280	-0.523	-0.371	-0.345	-0.385	-0.441	0.488	1.907	3.811	8.800	11.01	8.994	4.315	0.337	-0.762	-0.884	-0.728	-0.736	-0.583	-0.564	-0.891	-0.856	-0.929	-1.086	-0.721	-1.005	-1.164	-1.038	-0.945	-0.809	-1.089
255.0	-31.76	-40.33	-10.56	112.1	135.8	347.8	 1116	 4710	 4498	384.6	-7.408	1.071	-1.050	-4.365	-0.433	-4.730	-3.979	-3.330	-0.582	-1.832	0.193	-0.246	-1.744	-0.887	-0.705	-1.137	-1.086	-1.840	-1.225	-1.714	-0.720	-0.707	-1.723	-1.629	-1.177	-1.249	-0.879	-0.841	-0.701	-0.875	-0.118	-0.588	-0.876	-0.718	-0.606	-0.510	-0.530	-0.868	-0.270	-0.367	-0.171	0.130	-0.130	0.533	-0.036	1.402	3.281	9.663	16.34	16.68	5.946	-0.006	-0.868	-1.009	-0.756	-0.700	-0.821	-1.014	-1.148	-1.048	-0.715	-0.860	-0.815	-1.023	-0.542	-1.355	-1.165
260.0	-23.88	-1.655	-33.52	51.31	153.2	141.5	253.8	 2094	 7074	 4198	180.3	0.383	2.800	-2.114	2.344	-1.519	-2.464	0.812	-1.971	0.291	-0.792	-0.124	-0.960	-0.150	-1.138	-1.249	-0.687	-1.598	-1.351	-1.316	-0.074	-1.715	-1.091	-1.229	-0.979	-0.726	-0.622	-0.748	-0.636	-1.205	-0.796	-0.790	-0.219	-1.444	-0.663	-1.218	-0.441	-0.716	-0.374	-0.615	-0.484	-0.222	0.276	0.020	-0.687	0.254	0.164	2.148	7.605	16.92	22.93	15.13	3.222	-0.539	-0.463	-0.829	-0.874	-0.493	-0.931	-0.943	-0.700	-0.889	-1.098	-0.848	-1.072	-1.136	-0.855
265.0	-1.120	-8.657	-23.33	0.047	108.6	207.7	84.46	521.0	 3640	 9154	 1216	56.26	5.579	0.325	2.991	1.690	-0.463	-1.621	1.064	-0.889	-0.493	-0.260	-0.995	-2.459	-0.528	-0.749	-1.498	-0.611	-1.071	-0.937	-0.461	-0.938	-0.973	-1.079	-0.544	-0.735	-0.592	-0.800	-1.004	-0.915	-0.633	-1.021	-0.603	-0.902	-0.338	-0.796	-0.524	-0.916	-0.298	-0.325	-0.592	-0.510	-0.027	0.619	-0.430	0.138	-0.271	0.296	1.416	4.423	12.88	25.87	25.96	12.03	1.418	-0.763	-0.437	-0.480	-1.148	-0.951	-1.019	-1.067	-1.186	-1.209	-0.791	-0.949	-0.868
270.0	-27.85	-27.72	-13.60	-17.34	24.59	145.0	227.4	172.0	894.0	 4023	 7914	 4514	336.2	4.145	0.458	0.418	0.779	-0.900	-0.233	-1.757	-0.829	-1.119	-1.301	-1.031	-1.068	-1.065	-1.408	-1.191	-0.626	-0.695	-0.955	-1.121	-1.455	-0.796	-0.621	-1.042	-0.841	-0.729	-0.873	-1.064	-1.176	-0.778	-0.353	-0.714	-0.674	-0.408	-0.637	-0.567	-0.596	-0.353	-0.838	-0.774	-0.108	-0.333	0.244	0.774	-0.043	-0.176	-0.006	0.557	2.682	7.035	14.16	22.30	27.15	21.91	8.823	0.731	-0.737	-0.877	-0.845	-0.495	-0.765	-0.612	-0.890	-0.999	-1.143
275.0	-61.25	-30.50	-15.10	-13.33	17.54	40.52	181.0	314.6	254.7	923.3	 2497	9999.9	 6821	376.3	6.039	4.759	2.973	0.741	-0.734	-1.019	-0.083	-1.685	-1.023	-0.906	-2.096	-2.107	-2.157	-0.660	-1.600	-0.992	-0.528	-1.063	-1.296	-0.576	-0.860	-1.143	-0.661	-0.850	-0.910	-1.118	-0.953	-0.387	-0.673	-0.763	-0.503	-0.396	-0.744	-0.616	-0.314	-0.318	-0.396	-0.609	-0.904	-1.091	-0.354	-0.070	0.091	1.182	0.320	-0.099	0.750	1.248	2.257	4.353	8.954	22.75	40.26	34.77	10.05	-0.459	-0.323	-0.785	-0.661	-0.274	-1.263	-1.268	-1.075
280.0	-35.32	-19.89	8.936	-0.116	9.988	13.99	57.13	357.0	314.8	252.7	617.3	 3806	9999.9	 5185	170.5	7.738	1.416	1.846	-0.016	1.374	-1.373	-0.843	-1.908	-0.742	0.174	-0.834	-0.977	-0.928	-1.244	-1.281	-0.255	-1.331	-0.552	-0.808	-1.046	-0.478	-0.345	-0.956	-0.963	-0.926	-1.230	-0.909	-0.711	-0.872	-0.723	-0.381	-0.624	-0.165	-0.195	-0.497	-0.516	-0.555	-0.620	-0.314	-0.466	-0.708	-0.456	-0.129	0.890	0.807	-0.250	0.184	0.191	0.436	1.804	5.075	16.82	36.51	46.73	27.42	4.421	-0.882	-0.609	-0.860	-1.302	-0.695	-1.311
285.0	-23.49	-47.25	4.121	12.77	23.87	15.12	31.82	188.4	488.8	236.8	211.1	955.0	 5154	9999.9	 3470	46.61	3.536	5.618	0.013	-0.221	0.317	-0.956	-1.040	-0.300	-0.996	-1.524	-1.134	-1.148	-0.800	-1.046	-1.270	-0.151	-0.366	-0.005	-0.346	-0.058	-0.457	-0.627	-0.318	-1.513	-1.175	-0.850	-0.907	-1.304	-0.863	0.019	-0.430	-0.735	-0.670	-0.340	-0.513	-0.761	-0.728	-0.823	-0.692	-0.684	-0.275	-0.789	0.091	1.684	1.143	0.377	-0.137	0.037	-0.196	0.541	3.456	10.05	27.92	47.51	44.28	16.16	1.068	-0.808	-1.029	-1.199	-1.023
290.0	0.499	-0.529	28.98	46.29	30.83	26.46	44.95	100.1	286.7	544.1	351.2	371.2	 1342	 5090	9999.9	 5629	203.3	8.328	1.994	0.922	1.148	-0.494	-0.640	-0.218	-0.189	-0.788	-1.117	-0.631	-0.418	-0.622	-0.617	-0.672	-0.231	-0.430	-0.500	-0.371	-0.375	-0.452	-0.404	-0.768	-0.868	-0.532	-1.130	-0.928	-0.585	-0.536	-0.129	-0.700	-0.292	-0.252	-0.514	-0.624	-0.647	-0.426	-0.568	-0.851	-0.562	-0.743	-0.168	-0.067	0.584	1.490	0.951	0.329	0.225	-0.049	0.587	2.257	6.069	13.64	25.21	34.12	36.82	26.55	10.19	0.754	-0.872
295.0	-17.31	17.00	65.78	84.77	63.50	83.75	100.6	159.5	272.0	439.9	851.8	530.4	589.9	 1353	 3117	9999.9	 4047	245.6	8.657	5.254	1.912	0.644	1.469	1.073	-0.365	-1.482	-0.813	-1.497	-0.596	-0.496	-1.219	-0.167	-1.094	-0.922	-0.790	-0.768	-1.091	-0.201	-0.915	-0.924	-0.982	-1.026	-0.976	-0.623	-1.213	-0.840	-0.472	-0.744	-0.149	0.160	-0.205	-0.377	-0.048	-0.456	-0.509	-0.311	-0.519	-0.280	0.267	0.007	0.370	0.670	0.891	1.650	2.629	1.238	0.116	0.373	1.404	3.111	5.684	7.840	11.75	29.68	50.52	38.23	11.42
300.0	-6.353	19.15	94.03	120.3	109.5	128.2	203.7	270.9	376.3	480.4	886.3	 1053	655.6	632.2	903.6	 4118	9999.9	 3287	139.9	6.470	2.761	1.111	1.103	0.266	-0.356	-0.924	-0.694	-0.784	-0.369	-0.237	-0.252	-0.302	-0.596	-0.667	-0.901	-1.262	-0.988	-0.580	-0.328	-0.291	-0.835	-0.613	-0.666	-0.691	-0.691	-0.690	-0.531	-0.070	-0.388	0.012	-0.565	-0.204	-0.280	-0.435	-0.544	-0.053	0.019	0.302	0.132	0.630	0.366	1.071	0.642	1.271	3.049	3.121	1.034	0.668	0.765	0.814	1.529	1.820	2.492	7.327	21.60	46.18	53.48
305.0	-22.78	25.24	120.8	116.8	170.8	171.7	245.6	369.3	481.8	606.6	821.4	 1272	 1009	579.3	467.7	 1095	 5697	9999.9	 2470	52.56	6.581	2.115	2.757	0.461	0.049	-0.066	0.763	-0.937	0.037	-0.445	-0.011	-0.198	-0.776	-0.531	-0.798	-1.470	-0.414	-1.038	-0.503	-0.468	-1.029	-0.536	-0.527	-0.320	-0.246	-0.205	-0.440	-0.656	-0.017	-0.107	-0.347	-0.235	0.023	0.797	-0.598	-0.159	0.210	0.401	0.723	0.930	0.935	0.855	0.921	1.204	1.691	3.286	3.064	1.542	1.931	0.573	0.503	0.452	1.128	1.945	4.198	13.17	32.74
310.0	-4.608	40.72	143.0	148.3	181.1	216.5	317.1	464.5	583.7	718.9	833.6	 1057	 1264	941.2	467.5	430.4	 1420	 5187	 9922	 4887	149.8	6.808	4.571	2.067	0.961	0.043	0.523	-0.239	0.509	-0.637	0.025	-0.659	-0.973	-0.392	-0.272	-0.900	-0.479	-0.880	-0.721	-0.886	-1.012	-0.726	-0.549	-0.687	-0.243	-0.724	-0.379	-0.255	-0.113	-0.378	-0.140	0.193	0.204	0.221	0.332	0.206	0.716	0.732	1.038	0.912	1.252	1.439	1.328	1.910	1.513	1.701	1.966	2.898	3.454	2.084	0.958	0.474	0.309	0.657	0.515	2.622	7.178
315.0	0.448	44.49	156.2	184.8	224.3	294.5	414.7	522.1	681.9	829.6	913.1	994.0	 1032	 1247	734.9	343.0	434.3	 1220	 3062	9999.9	 7140	199.1	7.045	2.688	2.121	1.276	0.054	-0.436	1.045	0.158	0.107	-1.126	0.143	-0.299	-0.182	-0.538	-0.523	-0.398	-0.782	-1.062	-0.661	-0.869	-0.476	-0.616	-0.083	-0.876	-0.468	-0.072	-0.073	-0.365	-0.153	-0.058	0.730	0.967	0.810	0.027	0.948	0.763	0.833	0.796	1.499	1.659	2.148	1.453	2.113	1.854	1.828	2.438	1.680	2.758	3.376	1.576	0.327	0.159	-0.121	0.156	0.766
320.0	10.26	70.33	230.5	247.3	326.2	438.8	525.5	620.1	758.5	875.0	946.3	972.1	942.6	 1037	 1032	433.6	240.5	358.0	743.4	 3975	9999.9	 2372	126.0	4.377	3.434	1.949	0.529	-0.506	0.415	-0.734	0.043	-0.572	-0.379	0.277	-0.145	-0.457	-0.425	-0.615	-0.107	-1.085	-0.312	-0.766	-0.897	-0.676	-0.116	-0.163	-0.220	-0.220	0.031	-0.153	0.407	0.683	0.792	0.845	1.242	0.917	1.571	1.522	1.753	1.536	1.561	1.925	2.076	1.676	2.269	2.344	1.554	1.975	1.744	1.739	2.756	2.485	1.819	0.625	-0.632	-0.286	-0.100
325.0	60.92	139.1	334.2	505.7	551.5	687.7	802.2	848.5	905.5	987.5	987.0	977.0	924.1	877.7	979.9	658.4	263.9	185.2	234.5	967.0	 5156	9999.9	 1925	56.34	5.341	2.960	0.594	0.716	0.735	0.422	-0.051	-0.672	-0.065	-0.478	0.001	0.024	-0.342	-0.249	-0.786	-0.572	-0.173	-0.395	-0.673	-0.398	-0.700	-0.211	0.360	0.325	0.197	0.182	0.760	1.509	1.237	2.049	2.076	1.275	2.140	2.025	2.155	2.425	1.868	2.214	2.415	1.985	2.029	1.884	1.689	2.263	0.819	2.047	1.491	1.571	3.198	1.869	0.272	-0.214	-0.133
330.0	102.3	257.8	613.3	964.8	 1262	 1499	 1637	 1575	 1388	 1340	 1145	 1001	940.4	831.8	747.8	752.7	548.3	245.1	163.5	294.8	 1259	 4607	 7974	 4583	126.9	6.445	2.208	2.071	1.421	0.974	0.153	-0.119	-0.149	-0.587	-0.406	0.083	-0.119	-0.001	-0.640	-0.983	-0.454	-0.753	-0.519	-0.424	-0.358	0.379	0.711	0.672	0.728	1.262	1.990	2.283	2.895	3.589	4.069	4.135	4.510	4.442	3.966	4.342	3.465	3.558	3.062	2.755	2.250	1.944	2.256	1.959	1.256	1.665	1.231	0.984	1.907	1.333	1.534	1.077	0.792
335.0	177.1	562.7	 1019	 1685	 2316	 2720	 2915	 2709	 2242	 1896	 1406	 1056	913.2	834.5	716.4	607.8	659.8	481.9	241.4	186.2	357.3	 1080	 2521	 8566	 6297	175.1	6.048	2.977	1.788	1.215	0.147	1.061	-0.364	-0.814	0.119	0.052	-0.217	-0.698	-0.487	-0.479	-0.404	-0.594	-0.452	-0.398	0.356	1.034	0.838	1.279	1.716	2.543	3.597	5.268	5.915	7.003	7.154	8.485	8.468	7.587	7.273	6.928	6.236	5.176	4.715	2.726	2.520	1.435	1.702	1.927	2.087	1.741	1.351	2.272	1.516	0.442	0.707	1.077	1.668
340.0	265.2	703.8	 1371	 2204	 3154	 3861	 4048	 3648	 3004	 2456	 1593	 1087	939.3	866.8	745.8	599.9	566.4	679.3	404.2	208.8	188.4	310.1	614.9	 3405	 9709	 1899	122.2	4.566	1.946	1.238	1.241	-0.037	0.625	-0.455	0.468	-0.558	0.542	-0.549	-0.890	-0.662	-0.152	-0.627	-0.675	-0.582	0.730	0.766	0.937	2.071	3.070	3.444	5.000	7.266	8.659	10.14	10.09	11.51	13.23	10.70	10.40	9.009	8.425	7.471	5.911	3.953	3.324	1.951	2.545	1.773	1.277	1.567	1.371	1.824	1.385	0.165	0.550	0.466	1.613
345.0	289.8	860.4	 1717	 2804	 3912	 4824	 5123	 4495	 3612	 2836	 1812	 1145	949.2	868.9	767.1	617.5	535.3	622.0	609.2	291.9	175.5	155.2	194.5	832.8	 4631	 8870	 1653	69.32	4.183	3.028	2.468	0.413	0.873	-0.577	0.206	-0.051	-0.285	-0.355	-0.741	-1.040	-0.480	-0.705	-0.237	-0.170	0.794	0.532	1.465	2.723	3.425	5.059	6.446	8.979	11.07	12.61	12.75	14.13	16.46	13.80	12.39	9.955	8.838	8.746	6.797	4.757	3.347	1.757	1.882	2.439	1.435	2.340	1.834	1.166	0.936	1.189	1.320	0.805	0.893
350.0	355.1	960.1	 2047	 3420	 4796	 5881	 6176	 5414	 4243	 3332	 2048	 1169	930.6	866.0	790.0	670.8	578.7	544.0	593.8	485.9	271.5	159.9	128.8	246.8	 1133	 4060	 6803	 4038	112.9	7.163	2.818	1.382	0.540	-0.229	0.228	0.222	-0.324	0.044	-0.365	-0.859	-0.575	-0.223	0.155	0.095	1.183	0.973	1.788	3.013	4.252	5.997	7.839	11.30	13.47	16.49	16.57	18.33	18.11	17.22	15.03	12.52	11.37	10.35	8.266	5.434	3.778	2.447	2.303	2.158	1.783	2.060	1.608	1.629	1.608	1.272	1.399	0.557	0.967
355.0	393.4	 1058	 2274	 3901	 5439	 6514	 6794	 6082	 4719	 3657	 2180	 1164	915.0	862.6	809.4	699.3	640.4	571.9	519.1	524.7	479.6	241.6	147.6	139.9	311.1	951.2	 2224	 6974	 5336	164.5	5.563	2.266	1.434	0.343	0.531	-0.047	-0.521	0.399	0.276	-0.393	-0.430	-0.094	-0.474	-0.019	1.043	1.001	2.297	3.589	5.090	6.309	8.862	12.82	13.35	17.14	18.85	19.92	20.35	18.51	16.80	12.80	12.19	9.904	9.654	5.936	3.369	2.568	1.875	1.895	2.268	1.427	1.725	1.570	1.085	1.522	1.218	0.680	1.412
360.0	429.2	 1091	 2358	 4022	 5634	 6909	 7273	 6317	 4904	 3726	 2184	 1147	887.0	856.4	816.1	722.6	672.2	591.3	524.5	478.8	528.3	342.3	191.8	141.3	149.0	269.7	542.9	 2777	 8091	 4127	113.8	4.065	2.198	0.684	0.540	0.449	0.132	-0.208	0.058	-0.522	-0.626	0.407	-0.569	-0.441	0.548	1.306	3.022	4.029	5.033	6.632	9.612	13.50	14.56	18.31	19.74	20.44	20.96	19.48	16.80	15.87	11.54	10.70	9.635	6.454	3.512	2.414	2.438	1.733	1.748	1.610	2.095	1.973	1.209	0.965	1.337	1.371	1.761
365.0	404.6	 1044	 2422	 4028	 5806	 6952	 7159	 6352	 4916	 3789	 2182	 1118	892.5	837.9	813.7	735.0	686.5	606.0	546.8	460.0	463.8	474.1	273.2	164.6	134.5	135.3	171.0	682.1	 3872	 8368	 1515	59.29	3.911	2.514	0.361	0.601	-0.323	0.476	-0.097	-0.192	0.315	-0.147	-0.303	0.281	0.671	1.197	3.112	3.407	5.849	6.985	9.501	13.46	15.37	19.11	20.49	21.48	20.70	19.86	16.69	14.53	13.01	11.51	9.087	6.588	4.181	2.684	2.311	1.734	1.189	1.586	1.270	1.157	1.145	1.140	0.522	1.365	0.908
370.0	383.0	 1055	 2371	 3815	 5440	 6641	 6971	 6117	 4729	 3647	 2115	 1093	845.1	803.7	791.7	741.7	688.2	635.8	573.8	486.3	426.1	431.4	424.4	253.4	163.5	132.3	112.7	208.1	950.6	 3650	 6684	 3592	95.20	5.397	1.729	1.127	0.624	0.476	0.251	0.031	0.030	-0.314	-0.021	0.390	0.790	1.293	2.301	3.330	4.723	6.778	8.768	13.08	14.46	18.53	19.20	19.84	20.61	19.05	15.92	13.69	12.59	11.33	8.582	6.460	3.736	2.503	2.047	2.080	1.811	1.697	1.487	1.370	1.074	1.490	1.074	1.376	0.940
375.0	372.8	975.7	 2078	 3584	 5092	 6112	 6361	 5711	 4453	 3398	 1971	 1028	792.7	776.8	764.1	721.8	688.1	647.8	583.5	506.5	426.2	386.4	396.7	410.6	243.2	162.1	122.7	123.0	264.4	850.8	 2221	 6407	 4577	129.0	4.180	2.062	0.756	0.410	0.096	0.836	0.418	-0.569	-0.240	0.258	0.457	1.268	2.207	3.209	4.518	6.223	8.513	11.46	14.32	16.01	18.35	17.85	19.44	16.87	15.85	13.15	11.44	10.39	7.281	5.291	3.740	1.845	1.822	1.870	1.610	1.623	1.244	1.241	1.287	1.443	1.178	0.837	0.959
380.0	364.4	876.2	 1913	 3220	 4732	 5712	 5832	 5232	 4093	 3089	 1841	978.2	774.3	738.3	723.0	707.7	674.1	648.6	592.8	516.6	441.0	390.2	353.3	423.0	342.6	200.2	143.0	114.2	125.0	236.4	536.9	 2617	 7006	 1366	83.81	3.237	1.551	0.835	0.295	0.565	-0.197	0.568	0.061	0.734	0.530	1.337	2.375	2.919	4.496	4.997	7.944	9.803	13.64	15.65	16.55	16.95	17.65	15.38	13.90	11.96	11.07	9.223	7.917	4.887	3.782	2.271	1.666	1.330	1.143	1.488	1.560	1.344	1.269	1.375	1.045	1.031	1.596
385.0	368.8	825.4	 1756	 2932	 4279	 5153	 5249	 4687	 3692	 2863	 1715	951.3	774.3	711.7	709.7	686.1	670.9	631.3	592.4	521.0	455.8	389.8	342.3	361.1	411.0	264.7	171.2	131.2	109.6	112.3	161.0	646.0	 3459	 6182	 1146	36.60	1.947	1.794	1.416	-0.047	0.135	0.612	0.193	0.213	0.472	0.731	2.226	2.958	4.079	5.519	7.254	9.194	11.80	14.43	14.20	16.78	14.94	13.45	12.18	10.60	10.18	8.232	7.366	4.569	2.868	1.933	1.110	1.094	1.547	1.153	1.366	1.430	1.082	1.224	1.291	0.877	1.259
390.0	317.8	702.7	 1566	 2619	 3747	 4447	 4529	 4049	 3210	 2475	 1526	850.9	715.4	682.6	677.0	651.4	635.9	607.6	571.1	514.0	459.0	403.5	360.3	343.9	356.0	363.8	253.7	169.2	130.0	105.7	94.57	184.7	846.6	 2887	 4668	 2523	71.50	3.327	1.576	0.509	0.576	0.664	0.178	0.108	0.193	0.237	1.722	2.188	3.169	4.333	5.619	8.126	10.31	12.31	12.31	13.56	12.50	12.06	10.51	9.657	8.169	6.876	6.031	4.351	2.413	1.801	1.087	1.003	1.667	0.882	0.884	1.133	0.994	0.996	1.055	1.317	1.243
395.0	233.8	605.6	 1267	 2218	 3095	 3725	 3882	 3445	 2680	 2123	 1340	794.6	666.8	633.5	638.9	626.3	603.6	591.0	560.1	504.1	471.3	417.4	379.4	346.8	325.2	337.2	348.7	234.6	158.9	123.5	101.0	98.13	227.3	672.1	 1621	 4914	 3209	93.57	2.515	1.734	0.402	0.371	0.556	0.185	0.100	0.396	1.266	1.733	2.851	3.748	4.283	7.420	7.954	10.41	10.51	11.77	10.98	10.58	8.643	8.148	6.851	5.862	5.178	3.667	2.177	1.896	1.114	0.860	1.277	1.357	0.850	0.868	0.738	1.128	1.366	1.335	1.576
400.0	198.0	511.7	 1093	 1897	 2622	 3174	 3378	 2967	 2350	 1875	 1211	742.6	647.1	613.3	622.8	603.4	580.8	567.5	536.3	500.8	459.8	423.3	381.5	360.3	328.7	309.0	351.3	320.4	199.7	145.3	113.4	90.52	98.57	182.0	391.8	 2154	 5227	 1098	57.44	2.352	0.576	0.197	0.779	-0.030	0.633	0.305	1.428	1.533	2.166	2.783	3.678	6.393	7.246	8.348	8.399	10.05	9.842	8.249	7.433	6.440	5.654	5.502	3.983	2.818	2.079	1.560	0.875	0.959	0.936	1.247	0.827	0.564	1.147	1.468	1.465	0.983	1.871
405.0	176.4	420.4	936.5	 1689	 2271	 2763	 2876	 2533	 2040	 1634	 1092	697.7	633.9	607.4	590.3	569.6	551.7	542.8	518.9	495.5	465.7	423.1	391.2	356.9	334.3	312.5	313.8	356.9	249.4	166.1	131.5	101.9	79.13	81.46	113.2	531.5	 2712	 4632	897.4	19.33	0.952	1.047	0.681	0.402	0.287	0.660	0.955	1.562	2.251	2.274	3.715	5.720	6.418	6.550	7.363	8.184	8.171	7.245	6.251	5.707	5.202	4.215	4.218	2.772	2.322	1.626	1.202	1.219	0.478	1.656	1.083	0.985	1.552	0.732	0.717	0.311	0.741
410.0	119.9	340.8	771.5	 1365	 1843	 2231	 2375	 2113	 1743	 1401	961.7	659.2	588.0	565.5	557.8	543.2	533.1	511.3	497.2	471.6	445.4	419.0	391.5	364.9	344.9	322.4	295.7	307.1	316.8	236.9	158.7	117.1	87.70	67.53	60.68	143.2	665.9	 2295	 3611	 1566	52.47	1.817	0.879	0.516	0.322	0.711	1.160	1.011	1.571	2.004	2.610	4.607	4.987	5.652	6.321	6.847	6.320	5.375	5.607	4.836	4.108	3.447	3.210	2.382	1.377	1.248	1.151	0.748	0.984	1.158	1.107	0.716	1.208	0.691	0.668	0.850	0.672
415.0	114.8	276.8	678.1	 1084	 1466	 1813	 1904	 1749	 1436	 1181	860.2	617.2	557.3	523.4	528.4	523.9	490.6	487.7	463.8	438.8	424.5	405.5	380.3	366.0	344.3	328.2	300.1	284.1	292.6	297.9	212.4	137.6	103.2	75.80	58.27	63.51	169.2	527.3	 1310	 3667	 1012	68.41	2.022	0.681	0.201	0.596	0.895	0.978	0.902	1.494	2.410	3.578	3.781	4.052	4.890	5.653	5.590	4.607	4.620	3.435	2.903	2.714	2.330	2.291	0.903	1.123	1.055	0.585	0.670	0.543	1.047	0.562	0.623	0.932	1.352	0.891	0.750
420.0	78.70	251.1	560.0	896.2	 1203	 1555	 1617	 1490	 1228	 1053	808.1	579.2	544.1	506.9	504.1	483.6	461.3	454.0	446.1	419.5	407.4	387.7	375.5	357.0	348.0	317.2	304.9	283.7	263.8	289.2	262.2	163.5	111.4	82.84	62.25	49.53	61.70	134.8	312.9	 1746	 3585	890.2	31.29	1.225	0.825	0.921	0.825	0.882	0.991	1.272	1.788	2.592	2.765	3.660	4.114	4.689	4.788	3.843	3.534	2.977	2.829	2.712	2.262	1.371	1.122	0.784	0.777	0.626	0.250	0.783	0.863	0.199	0.635	1.031	0.730	0.905	0.737
425.0	68.90	186.2	489.3	832.5	 1066	 1330	 1377	 1247	 1117	964.7	723.5	551.9	524.7	494.4	496.6	449.9	444.3	429.7	423.3	406.8	398.8	378.7	370.5	350.6	340.8	319.5	299.1	281.4	262.6	256.9	280.3	211.5	129.4	92.88	69.77	51.27	44.27	51.44	85.93	436.4	 2169	 3329	635.7	8.015	0.962	0.822	0.603	1.206	0.959	0.740	1.418	2.061	2.270	3.461	3.501	3.812	4.088	3.846	3.439	3.005	2.402	2.055	1.584	1.332	0.913	0.446	0.889	0.188	0.509	0.534	0.005	0.044	0.816	0.545	0.865	0.943	0.392
430.0	56.01	165.8	390.6	663.8	898.2	 1068	 1154	 1037	940.3	828.9	651.1	537.3	490.1	470.3	450.8	437.7	412.9	401.0	403.5	383.4	371.7	363.6	354.0	343.3	330.4	314.9	301.6	282.6	259.3	240.4	244.9	236.6	176.9	111.1	81.45	61.02	46.87	38.30	38.42	111.8	545.7	 1795	 2637	 1079	42.78	1.678	0.425	0.890	0.919	1.031	1.461	1.921	2.404	2.770	2.610	2.821	3.241	3.115	2.827	1.905	2.300	1.623	1.439	1.038	1.114	0.876	0.710	0.949	0.480	0.205	0.455	-0.028	0.604	0.421	0.228	0.631	-0.021
435.0	90.55	138.4	373.6	535.7	712.1	874.1	924.2	878.0	779.3	763.5	619.9	523.0	481.5	450.2	439.1	420.6	393.5	388.1	369.4	364.1	358.7	345.6	341.2	329.6	327.5	311.0	304.2	284.6	265.0	242.1	224.0	215.6	213.3	150.9	97.69	73.17	53.18	41.26	35.85	45.49	135.2	412.6	 1114	 2941	889.1	51.27	1.550	1.322	0.886	0.863	1.079	1.528	1.564	2.441	2.912	2.080	2.502	2.716	2.562	1.602	1.560	1.276	1.428	1.094	1.002	0.454	0.586	0.102	0.964	0.181	-0.015	0.222	0.528	0.658	0.448	0.028	0.007
440.0	132.4	153.8	334.1	471.8	618.4	755.7	839.9	791.1	725.8	693.9	576.3	508.5	469.4	432.9	420.6	397.0	379.8	373.4	351.2	349.8	341.4	335.9	329.2	316.4	309.2	308.0	295.8	272.5	263.1	239.7	219.9	198.8	201.6	186.0	119.7	79.94	60.82	47.95	37.01	33.17	44.76	103.6	270.2	 1558	 2997	731.1	20.86	1.616	1.816	0.833	0.843	1.394	1.474	1.793	2.743	1.833	2.444	2.557	2.277	1.758	1.288	1.109	0.952	0.948	0.632	0.541	0.603	0.173	0.365	0.316	0.558	-0.070	0.685	0.374	0.056	0.349	0.432
445.0	128.3	275.6	253.7	391.5	532.7	675.9	725.5	697.2	669.2	637.9	532.3	492.0	443.8	424.2	404.7	377.9	366.2	362.4	343.2	335.9	325.2	320.0	321.2	316.3	300.3	295.3	289.9	271.5	265.2	243.2	223.4	190.8	181.5	191.0	143.9	89.78	67.64	55.91	40.84	32.95	28.50	37.79	71.17	399.0	 1976	 2826	478.4	6.147	1.454	0.777	1.114	1.198	1.398	1.152	1.870	1.280	1.954	1.358	1.598	1.556	1.222	1.088	0.703	0.835	0.709	0.306	0.412	0.824	0.696	0.698	0.703	-0.148	0.202	0.541	0.800	0.628	0.508
450.0	66.49	345.9	356.3	352.5	459.9	567.5	614.8	628.5	603.2	567.3	510.4	460.0	422.8	414.3	373.7	350.7	335.0	335.7	312.2	308.8	304.2	299.4	297.5	290.3	286.2	279.1	272.9	259.2	253.8	237.0	215.4	190.9	168.1	164.7	161.4	116.7	79.35	60.21	47.36	35.90	29.22	25.43	28.92	99.14	507.1	 1693	 2417	897.8	30.97	1.256	1.215	1.526	1.454	1.293	1.483	1.413	1.284	1.159	1.400	1.499	0.963	1.187	0.614	0.876	0.505	-0.068	0.395	0.568	0.477	0.141	0.660	0.008	0.152	-0.184	0.705	0.470	0.168
455.0	-4.901	260.3	713.2	355.2	407.0	463.2	524.1	540.7	536.3	515.4	475.3	435.6	389.0	377.5	360.8	328.0	301.3	292.2	285.1	284.4	275.9	270.4	269.6	271.3	266.0	257.3	256.1	245.0	239.6	223.4	210.9	187.4	164.4	144.6	141.9	137.5	101.9	66.41	53.15	40.46	32.22	26.03	22.17	32.90	121.6	387.5	 1073	 2657	679.6	28.35	1.797	1.421	1.238	1.174	1.820	0.894	0.864	1.267	0.685	0.898	0.946	0.871	1.235	0.781	0.473	0.254	0.146	0.527	0.357	0.268	0.588	0.340	0.129	0.306	0.282	0.088	0.328
460.0	9.173	121.9	825.9	557.8	357.4	421.2	457.2	457.4	461.1	477.7	446.7	401.4	392.4	359.6	335.5	301.8	284.1	273.7	272.4	265.3	258.4	255.7	248.5	250.2	249.1	237.0	237.5	229.2	223.8	218.0	200.2	181.4	157.8	136.3	124.5	131.1	115.0	75.20	55.29	43.97	34.77	27.33	22.56	19.14	36.39	93.57	261.0	 1501	 2492	472.2	10.34	1.351	0.816	1.120	0.918	0.857	0.458	1.292	1.053	1.091	0.568	0.675	1.084	0.696	0.309	0.223	0.451	0.228	0.377	0.054	0.006	0.347	0.002	-0.280	0.020	-0.393	0.302
465.0	4.077	58.73	680.0	940.7	323.1	392.4	405.6	424.0	448.4	440.7	428.2	378.5	365.4	330.2	308.8	278.9	265.0	252.4	245.5	249.5	239.7	236.8	238.5	233.5	228.2	226.2	223.6	221.6	212.5	204.5	192.3	173.5	155.0	134.8	117.9	113.1	117.1	90.77	58.37	46.65	38.49	28.45	21.90	18.34	18.48	29.54	65.47	392.6	 1804	 2050	80.86	3.086	1.101	1.571	1.104	1.312	0.896	0.728	0.387	1.443	0.789	0.634	0.540	0.973	0.362	0.460	0.196	0.388	0.466	0.185	-0.351	0.258	0.510	-0.449	-0.302	-0.056	0.040
470.0	-3.064	27.74	300.0	 1177	711.7	322.5	356.2	376.1	393.3	389.6	377.6	356.7	331.2	309.4	286.8	254.1	239.4	228.3	222.2	219.3	218.0	210.2	211.3	210.3	202.2	206.3	200.8	199.6	194.7	186.7	178.7	162.6	145.9	127.7	109.4	99.23	97.38	97.80	73.03	49.24	38.40	29.49	24.11	19.15	16.28	15.75	21.88	94.18	468.9	 1395	 1591	389.2	21.41	1.358	1.093	0.946	1.033	0.670	0.502	0.674	0.280	0.240	0.211	0.676	0.762	-0.056	0.090	0.755	0.270	0.091	-0.144	0.018	0.196	-0.108	-0.305	-0.038	-0.036
475.0	19.56	27.26	146.0	720.4	 1418	387.0	301.0	319.3	329.5	357.7	334.7	317.2	301.5	281.1	254.5	232.4	221.2	206.4	197.4	197.3	192.5	188.6	186.2	183.6	187.2	180.6	180.2	174.8	172.9	171.4	160.5	147.5	136.9	119.5	102.4	91.67	83.40	83.08	81.36	58.09	39.40	31.52	25.83	20.74	17.64	12.49	12.59	27.71	109.0	319.4	812.2	 1685	541.3	17.68	1.605	0.770	0.364	1.177	0.688	0.617	0.453	0.362	0.358	0.135	0.401	-0.042	-0.193	0.369	0.267	0.253	0.130	0.804	-0.341	0.139	-0.494	-0.363	-0.127
480.0	6.093	6.077	86.42	303.5	 1483	745.2	254.1	308.1	308.9	320.9	306.8	299.8	280.0	261.8	247.8	213.8	192.1	185.2	185.6	172.8	172.3	168.8	167.5	172.1	171.7	167.9	166.2	158.4	166.7	158.5	147.0	138.1	126.4	113.4	98.40	86.63	77.84	70.82	76.80	66.36	43.30	32.67	25.86	21.96	17.96	14.88	11.76	12.32	29.84	75.64	202.2	 1055	 1647	100.5	5.223	1.207	0.587	1.065	0.143	0.189	0.475	0.622	0.546	0.147	0.163	0.312	0.239	0.009	0.108	-0.067	-0.110	0.329	-0.449	-0.115	-0.338	-0.226	-0.178
485.0	-44.78	12.20	99.85	186.6	 1020	 1314	267.3	272.1	290.5	295.8	306.6	295.2	262.3	247.2	234.1	203.8	184.4	176.8	168.8	159.2	166.3	157.6	156.6	156.2	156.6	159.6	154.0	151.3	154.5	149.4	140.4	133.4	121.3	106.4	96.83	83.66	73.57	65.54	64.65	70.40	52.01	34.51	27.68	22.47	18.25	15.00	12.98	10.72	12.91	21.84	49.02	289.6	 1243	 1368	79.42	1.418	0.874	0.747	0.532	0.495	0.608	0.208	0.306	0.019	-0.035	0.631	-0.124	-0.477	-0.072	-0.660	-0.219	0.175	0.101	-0.007	-0.225	-0.269	-0.178
490.0	-15.64	-4.390	76.79	118.4	416.3	 1483	794.7	236.5	258.0	265.8	282.5	258.4	241.3	232.4	209.9	187.5	170.1	158.3	152.3	152.9	149.9	146.3	141.7	142.9	140.8	141.7	137.2	136.8	139.4	134.6	128.2	122.2	112.2	100.7	90.43	80.84	69.38	62.27	56.05	58.39	57.57	42.55	29.81	23.18	19.38	16.33	13.08	10.94	10.14	10.78	15.16	68.02	329.5	952.8	 1053	375.4	20.06	0.996	0.323	0.413	0.689	0.437	0.250	0.088	0.283	0.235	-0.199	-0.103	0.242	-0.280	-0.383	-0.172	-0.088	-0.115	-0.189	-0.466	-0.649
495.0	-28.91	-11.31	59.72	89.89	205.4	799.4	 1688	335.3	225.5	241.6	246.1	231.5	225.8	211.3	186.9	167.5	152.1	144.6	137.9	129.6	131.3	127.1	127.4	128.1	129.1	124.4	122.8	122.8	124.5	119.9	117.3	112.9	101.6	92.40	81.11	75.51	66.48	58.61	50.40	48.04	50.00	51.16	36.69	24.50	19.18	16.72	14.65	11.66	8.852	8.247	7.810	18.49	75.98	218.2	606.0	 1537	562.6	14.69	0.581	0.380	0.318	-0.041	0.393	0.310	0.290	0.654	-0.521	-0.052	-0.152	-0.658	-0.467	-0.144	-0.667	-0.047	-0.558	0.073	-0.557
500.0	-32.01	-20.75	80.17	83.80	116.8	323.4	 1812	834.3	194.6	226.0	219.2	220.3	204.9	193.9	172.1	150.6	139.1	133.4	129.0	116.6	120.9	119.0	117.5	113.3	114.9	114.1	112.3	112.8	110.8	110.0	108.3	104.2	94.42	83.52	78.46	68.71	61.90	53.91	48.04	41.82	40.61	47.05	40.94	26.21	19.58	15.88	15.05	12.06	9.547	8.559	6.483	8.378	20.08	50.91	150.3	944.8	 1598	99.95	5.117	0.703	0.125	-0.059	0.436	-0.137	-0.051	0.109	-0.664	0.116	-0.268	-0.499	-0.436	-0.359	0.307	0.163	0.091	-0.119	-0.577
505.0	-26.55	-24.87	54.09	65.75	105.4	169.3	 1175	 1651	228.7	201.3	204.8	204.6	189.6	169.1	163.6	137.2	129.4	123.0	112.6	108.8	108.1	107.7	103.5	105.9	101.7	103.0	105.2	103.7	105.1	101.0	101.9	94.89	86.29	79.42	72.57	62.67	55.59	52.39	45.41	39.69	37.31	39.15	40.50	31.15	20.58	16.32	14.50	12.07	9.534	7.888	6.211	5.027	7.389	13.19	36.48	254.0	 1210	 1297	84.29	1.506	0.352	-0.087	-0.016	-0.042	0.330	-0.219	-0.795	-0.523	-0.134	-0.056	-0.474	0.023	-0.247	-0.083	-0.303	-0.728	-0.384
510.0	-26.59	-15.37	20.45	85.48	110.1	112.4	425.3	 1924	972.7	181.7	179.9	175.7	159.4	151.0	139.2	125.8	114.6	104.2	98.53	96.60	92.91	97.04	87.29	89.53	86.13	90.27	87.77	89.58	89.30	89.72	88.75	83.02	77.09	68.27	63.18	56.37	51.79	45.76	41.27	36.36	32.88	30.87	34.23	33.24	24.26	16.14	13.50	12.36	10.03	7.745	6.325	4.400	4.638	5.163	10.55	58.70	318.6	906.3	969.4	353.9	18.86	0.315	0.181	-0.223	0.117	-0.285	-0.395	-0.418	-0.065	-0.306	-0.408	-0.495	-0.567	-0.249	-0.634	-0.676	-0.412
515.0	-25.17	-23.95	-7.252	77.04	115.3	110.2	195.5	930.1	 2230	355.7	147.1	140.7	142.0	129.5	111.1	107.4	100.9	88.58	87.18	83.47	76.66	81.12	80.15	80.29	75.51	76.88	73.53	75.83	74.25	77.61	77.30	68.75	66.12	62.50	55.57	49.78	47.12	41.14	37.98	34.58	28.67	26.20	25.03	27.98	28.80	20.11	13.11	11.10	8.648	7.237	6.581	5.532	4.256	3.500	4.569	14.27	72.33	207.0	509.9	 1233	485.3	11.89	0.023	0.035	-0.078	-0.276	-0.293	-0.459	-0.478	-0.222	-0.647	-0.440	-0.615	-0.492	-0.624	-0.429	-0.832
520.0	-33.42	-14.31	0.956	29.13	105.2	105.6	123.9	332.0	 2372	 1043	137.8	126.2	126.1	118.5	101.3	96.75	91.68	76.53	78.47	71.79	71.45	72.80	71.10	71.11	73.27	67.96	67.07	67.15	67.05	69.31	68.03	64.27	59.16	54.53	51.41	46.58	42.23	38.01	34.64	30.70	25.47	23.59	21.29	22.34	26.03	22.44	14.35	10.97	8.991	7.481	6.574	5.477	4.315	2.898	3.596	5.149	17.63	47.45	125.0	718.7	 1166	97.54	3.638	0.207	-0.089	-0.512	-0.202	-0.789	-0.469	-0.614	-0.631	-0.737	-1.092	-0.594	-0.516	-0.738	-0.605
525.0	-22.12	-4.947	-8.946	36.42	93.76	111.1	93.33	144.5	 1451	 2172	196.0	125.8	120.8	112.1	102.3	87.63	85.15	70.09	70.14	65.45	66.89	64.47	62.23	64.08	63.51	61.98	59.31	58.98	59.21	63.53	59.33	58.02	53.84	49.43	45.48	42.18	37.03	32.82	30.65	27.74	23.94	23.67	19.86	19.29	20.87	23.72	17.06	11.52	8.733	7.899	6.416	5.005	4.848	3.062	3.032	3.132	6.067	12.05	29.74	188.7	812.0	803.6	79.34	0.687	-0.289	-0.508	-0.297	-0.243	-0.521	-0.808	-0.485	-0.465	-1.054	-0.492	-0.544	-1.024	-0.341
530.0	-29.43	-13.84	0.586	31.47	57.90	106.6	85.15	96.92	462.6	 2381	961.8	116.4	104.3	96.46	85.44	78.31	69.21	62.66	60.32	57.18	58.04	53.71	52.88	54.67	55.03	51.59	54.32	51.52	53.49	53.94	53.65	50.27	47.94	44.19	40.55	37.10	33.20	30.88	27.36	23.70	22.33	19.76	17.79	16.63	15.11	19.20	19.03	14.22	9.019	7.256	6.184	4.557	4.273	3.082	3.217	2.256	2.713	4.179	8.009	43.51	208.3	569.4	732.0	284.0	14.88	-0.200	-0.411	-0.304	-0.289	-0.360	-0.379	-0.462	-0.892	-0.357	-0.653	-1.000	-0.782
535.0	-34.47	-63.41	11.16	30.64	33.47	88.39	96.31	76.83	174.4	974.5	 2634	309.9	83.96	90.15	72.34	64.61	53.39	54.37	50.04	46.93	50.97	46.31	44.05	45.47	42.37	45.08	45.96	45.46	43.84	44.56	43.76	42.69	41.08	37.44	35.24	31.63	28.71	25.73	24.23	20.66	20.46	17.61	15.83	14.50	12.89	13.30	16.59	16.69	10.37	6.875	6.089	4.401	3.783	2.163	2.793	2.699	2.191	2.562	2.632	10.39	47.17	129.5	339.5	828.3	354.5	11.14	-0.408	-0.346	0.007	-0.111	-0.670	-0.259	-0.787	-0.291	-1.068	-0.898	-0.983
540.0	12.65	-31.94	-20.73	15.06	23.53	72.40	98.35	70.45	88.72	312.1	 2581	993.6	86.71	68.51	66.76	54.81	52.09	47.88	46.49	43.36	41.89	43.07	41.92	39.89	38.24	40.61	37.75	38.30	39.23	38.10	37.37	36.85	35.27	33.98	29.73	28.29	24.64	22.05	22.09	18.95	16.80	15.87	14.18	12.75	12.26	10.47	12.63	15.93	12.59	7.309	5.743	3.684	4.178	2.762	2.962	2.361	2.028	2.016	1.266	2.712	11.36	29.35	80.87	452.9	795.5	95.67	2.971	-0.558	-0.154	-0.412	-0.613	-0.645	-0.858	-0.900	-0.808	-0.543	-1.112
545.0	-33.91	-34.37	-16.17	3.766	16.68	29.06	83.25	73.20	72.72	124.4	 1415	 2305	134.6	66.72	62.13	50.37	47.61	44.89	42.38	37.78	36.98	33.52	34.51	35.03	33.14	35.94	34.68	33.51	34.82	34.90	33.44	33.25	29.14	27.96	26.27	24.50	23.91	21.00	20.06	17.25	15.79	14.43	11.97	10.88	10.04	8.502	9.290	12.73	12.76	8.403	5.131	3.770	3.347	2.586	2.858	2.312	2.778	2.010	1.193	1.798	2.751	7.240	18.15	115.3	528.3	642.9	73.60	0.147	-0.515	-0.409	-0.859	-0.202	-0.865	-0.588	-0.713	-0.728	-1.226
550.0	-35.45	-32.72	-25.97	0.896	14.96	15.92	70.19	81.83	58.78	66.50	412.3	 2355	 1120	62.67	51.44	41.74	36.79	33.70	34.00	32.52	30.02	29.80	28.50	30.09	27.29	29.04	27.21	29.05	29.03	29.72	29.23	27.62	24.50	24.48	22.01	21.13	19.06	18.24	16.83	14.01	13.59	12.38	10.38	9.157	8.616	8.304	7.957	8.599	10.25	9.772	6.268	3.712	2.703	2.256	1.677	2.074	1.953	1.987	1.232	1.502	1.034	2.232	4.639	26.10	133.9	384.4	494.8	194.7	10.17	-0.317	-0.558	-0.233	-0.437	-0.648	-1.005	-0.959	-0.795
555.0	-69.83	-17.25	5.007	4.690	19.21	22.74	45.82	94.49	62.93	45.21	128.5	885.5	 2520	259.4	39.97	37.08	30.22	26.91	27.54	25.45	23.31	24.97	24.85	23.40	23.78	20.23	21.84	22.46	23.48	22.38	21.55	21.84	19.16	19.72	18.42	17.41	15.50	13.68	13.14	10.97	11.35	9.493	9.115	7.633	7.511	6.098	5.882	5.844	6.457	8.407	7.484	4.272	2.412	1.911	2.128	2.022	1.538	0.906	0.631	1.245	0.914	1.142	1.469	6.268	30.40	85.91	211.4	512.4	101.0	6.038	-0.750	-0.154	-0.602	-0.621	-0.559	-0.606	-1.131
560.0	-34.40	-30.05	-23.19	6.868	21.54	17.28	18.59	79.52	71.45	37.39	58.16	246.2	 2318	805.8	32.10	29.52	24.60	21.18	23.12	22.30	19.61	19.86	20.56	18.59	16.42	18.24	18.88	17.29	17.06	18.03	18.72	17.81	15.94	16.75	13.59	13.20	13.60	11.42	11.54	9.197	9.938	7.718	7.823	6.140	6.510	5.542	5.060	4.627	4.518	6.269	6.595	4.313	2.823	1.893	1.608	1.402	1.168	1.206	1.240	0.828	0.557	0.987	0.957	1.405	7.134	19.36	50.02	262.8	450.2	83.76	0.971	-0.451	-0.578	-0.437	-0.738	-0.963	-1.386
565.0	-55.76	-41.80	-10.74	-7.548	6.850	15.03	11.36	45.41	94.72	37.09	41.55	80.35	 1173	 2052	76.41	24.47	23.74	20.06	18.06	18.71	16.99	16.39	16.21	14.29	13.56	16.89	16.19	15.47	15.51	14.49	15.43	14.55	14.19	13.37	11.93	10.90	9.772	10.16	8.369	8.916	8.080	6.575	6.453	5.607	5.132	4.477	3.753	3.813	3.505	4.327	5.444	4.986	2.630	1.678	1.199	1.172	0.849	0.833	1.105	0.594	0.668	0.476	0.426	0.044	2.034	4.797	11.61	66.57	308.3	375.4	56.72	0.161	-0.867	-0.339	-0.208	-0.425	-1.283
570.0	-57.97	-41.90	-3.619	-7.915	-1.623	12.83	5.383	22.61	76.97	62.72	31.14	40.21	327.4	 2036	876.6	22.27	18.12	16.39	15.14	14.53	12.68	12.95	12.07	11.40	11.95	12.38	12.74	11.72	11.86	12.30	12.71	11.36	11.60	10.27	9.638	9.256	7.785	7.788	6.814	6.899	6.178	5.777	4.598	4.300	4.031	3.505	3.421	3.078	2.857	2.654	3.001	4.148	3.324	2.407	0.953	0.873	0.824	0.677	0.327	0.651	0.846	0.525	0.439	0.113	0.855	1.703	2.598	15.00	78.19	220.1	284.8	65.22	4.856	-0.419	-0.609	-0.988	-0.684
575.0	-24.76	-22.13	-15.57	11.25	9.712	-0.548	3.333	13.18	49.58	78.53	27.80	34.09	99.12	725.7	 2133	154.1	13.46	12.72	11.97	12.36	11.18	10.62	10.22	8.657	10.97	9.460	7.025	8.903	10.60	9.629	8.838	9.387	10.11	8.488	8.245	7.410	6.314	6.179	4.908	5.486	4.959	4.252	3.633	3.379	3.568	2.495	2.895	2.334	2.230	2.032	2.105	2.289	2.989	2.260	1.114	0.478	0.498	0.151	0.282	0.669	0.827	0.778	0.170	0.487	-0.063	0.598	0.825	3.408	18.13	49.16	122.3	287.0	88.90	2.484	-0.641	-0.758	-0.767
580.0	-43.16	-32.04	-25.44	-7.088	2.849	-5.193	1.754	3.213	27.49	78.08	42.86	25.91	44.11	196.6	 2045	552.7	12.45	11.02	9.925	7.815	8.522	7.724	8.075	6.760	7.423	6.752	8.459	7.589	7.497	8.689	7.118	6.201	7.925	8.118	6.516	5.663	4.423	4.553	4.061	4.145	4.055	3.241	3.292	2.406	1.769	2.374	1.804	1.474	1.791	1.586	1.863	1.131	2.120	2.756	1.650	0.694	0.494	0.000	0.145	0.426	0.472	0.768	0.328	0.121	-0.080	0.381	0.235	0.533	4.201	11.39	29.28	150.9	263.1	65.20	0.406	-0.826	-0.908
585.0	-42.98	-31.53	-20.69	-10.66	14.02	7.079	1.036	11.72	22.83	64.94	57.79	32.53	36.04	61.90	 1041	 1566	42.79	7.966	8.699	5.882	7.947	4.948	7.052	6.896	5.741	5.382	6.584	6.021	6.684	6.797	6.287	6.058	6.489	6.473	4.566	4.288	4.095	3.904	3.512	4.037	2.563	2.046	2.523	2.859	2.069	2.102	1.611	1.537	1.347	1.137	1.129	0.795	1.950	2.167	1.932	0.376	0.301	0.447	0.203	0.081	0.491	0.460	1.212	0.238	0.221	0.091	-0.577	-0.174	1.038	2.536	6.263	37.88	176.4	214.3	33.51	-0.723	-1.006
590.0	-56.56	-51.76	-22.58	-6.054	-3.116	1.821	-3.575	13.31	22.04	46.18	82.67	39.67	33.58	35.55	285.5	 1587	648.9	10.07	5.111	6.622	4.988	3.558	4.698	4.734	4.405	4.667	4.759	5.134	4.957	5.066	4.792	5.134	4.793	4.484	4.105	3.795	3.117	3.024	2.926	2.436	2.272	1.144	1.750	1.461	1.743	1.484	1.104	0.845	0.988	0.831	0.739	0.611	0.861	1.195	1.238	1.152	0.219	-0.311	0.517	0.204	-0.211	0.046	0.455	0.291	-0.044	0.034	-0.271	-0.245	0.160	0.289	0.988	7.982	43.50	128.2	137.9	51.33	1.816
595.0	-31.38	-44.24	-27.30	-15.53	-7.615	-9.922	-7.325	22.00	19.72	40.49	78.53	71.70	38.30	28.48	78.23	579.6	 1552	89.29	4.359	5.126	3.981	2.701	3.600	3.382	3.295	3.909	2.754	3.920	3.110	4.436	3.222	3.721	2.900	3.069	2.603	2.974	2.136	1.544	1.990	1.360	1.714	0.754	0.496	1.258	1.173	1.346	0.930	0.933	0.988	0.680	0.647	-0.091	0.093	0.115	-0.072	1.349	0.302	0.017	0.251	0.105	-0.019	-0.031	0.309	0.306	0.072	0.476	0.288	-0.334	0.128	-0.353	0.096	1.701	8.870	28.57	64.82	172.2	64.36
600.0	-19.76	-28.22	-18.60	-8.238	-2.490	-0.003	1.923	21.72	36.48	40.21	68.67	83.26	40.21	34.63	33.22	155.3	 1472	406.0	2.793	5.050	2.724	4.029	3.175	2.363	3.151	3.153	1.298	3.970	3.294	4.059	2.769	2.958	3.413	2.972	1.435	2.864	1.555	1.112	1.957	1.497	1.641	1.717	0.963	0.499	0.695	0.650	0.411	0.233	0.730	0.415	0.505	-0.413	-0.380	0.192	0.257	1.161	0.639	0.381	0.411	0.002	-0.143	0.159	0.141	0.068	-0.182	0.495	0.248	-0.420	-0.307	-0.562	-0.381	-0.003	1.607	5.807	15.41	92.76	156.3
605.0	-23.11	-55.00	-31.69	-3.261	-5.489	1.286	14.59	25.66	26.27	29.25	57.55	88.59	54.18	28.41	24.16	45.02	762.4	 1031	22.94	3.684	-0.417	3.225	3.179	2.749	2.214	2.734	0.830	2.068	3.260	2.758	2.032	1.369	1.999	1.603	1.845	1.650	1.216	1.163	1.087	0.937	1.311	0.936	-0.026	0.824	0.283	0.026	-0.020	0.148	0.331	0.362	0.383	-0.431	-0.188	0.106	0.071	0.435	0.327	0.377	0.387	-0.106	-0.123	-0.134	-0.058	-0.456	-0.171	-0.313	0.103	0.148	-0.448	-0.292	-0.831	-0.734	0.001	0.868	2.928	23.70	104.9
610.0	-15.63	-27.11	-26.11	-6.407	-10.76	9.613	2.567	21.03	26.98	36.14	44.13	77.31	75.93	32.02	22.35	21.47	203.9	 1073	414.4	4.315	0.453	1.943	2.561	3.040	1.717	2.010	0.922	1.405	2.212	1.765	1.502	1.005	1.163	1.035	1.526	0.720	0.993	0.903	1.079	0.863	1.076	0.329	0.222	0.525	0.296	-0.119	0.512	0.451	-0.083	0.010	0.012	-0.121	-0.046	-0.348	0.149	-0.235	-0.027	0.521	0.252	-0.174	-0.170	-0.057	-0.341	-0.244	-0.296	-0.052	-0.503	-0.346	-0.285	-0.389	-0.429	-0.584	-0.743	-0.314	-0.040	4.922	26.21
615.0	-44.68	-37.48	-31.00	-15.26	-11.74	12.66	2.905	9.804	23.72	32.31	38.79	57.89	81.60	42.50	21.42	14.16	49.94	394.9	 1043	70.09	1.357	0.264	1.598	1.392	1.135	-0.342	0.042	1.561	1.219	0.865	1.438	0.195	0.078	0.078	0.774	0.562	0.834	1.205	0.230	0.070	1.234	0.334	-0.118	0.018	-0.273	-0.898	0.226	-0.121	-0.065	-0.231	0.138	-0.283	0.091	-0.596	0.029	-0.362	-0.118	0.642	-0.147	-0.139	0.170	-0.437	-0.521	-0.515	-0.504	-0.598	-0.656	-0.508	-0.326	-0.166	-0.630	-0.133	-1.011	-0.348	-1.057	0.703	5.075
620.0	-43.61	-49.64	-34.66	-3.606	-18.33	-9.616	1.629	9.473	24.47	34.20	42.07	50.25	81.22	53.02	22.39	11.91	17.18	102.7	998.8	309.8	1.829	-0.517	0.360	0.085	-0.573	-0.246	0.844	0.260	0.167	0.321	0.595	0.375	0.093	0.219	-0.021	0.322	0.720	0.513	-0.087	-0.116	-0.236	0.105	-0.654	-0.693	-0.486	-0.725	0.514	-0.051	-0.322	-0.110	-0.015	-0.135	-0.203	-0.809	-0.722	-0.456	-0.582	0.027	-0.159	-0.061	-0.180	-0.409	-0.508	-0.140	-0.493	-0.371	-0.779	-0.308	-0.511	-0.093	-0.271	-0.679	-0.395	-0.463	-0.726	-0.516	0.623
625.0	-40.15	-23.50	-8.240	-0.786	-11.73	-10.60	0.559	17.78	27.05	33.77	38.56	53.45	68.35	63.23	24.10	11.83	10.34	25.57	535.0	795.4	15.26	0.394	-0.033	-0.243	-0.359	0.068	-0.739	0.830	-1.170	0.258	-0.080	0.461	-0.082	0.786	0.477	0.243	0.631	-0.108	-0.052	-0.176	0.007	-0.466	-0.782	-0.048	-0.791	-0.628	0.016	-0.126	-0.162	-0.318	-0.484	0.089	-0.051	-0.426	-1.020	-0.525	-0.255	0.051	-0.276	-0.238	-0.093	-0.506	-0.737	-0.405	-0.448	-0.701	-0.420	-0.147	-0.306	-0.170	-0.547	-0.598	-0.492	-0.469	-0.761	-0.563	-0.435
630.0	-72.37	-29.58	-1.165	-7.665	-12.36	1.694	7.564	20.83	30.28	33.78	42.80	42.27	53.45	66.53	31.97	10.30	7.420	8.562	143.4	838.2	310.8	1.467	0.634	0.915	-0.057	0.092	-0.324	0.092	-0.732	-0.261	-0.134	-0.057	0.136	0.035	0.157	0.050	0.442	-0.275	-0.083	-0.185	-0.508	-0.298	-0.629	0.109	-0.561	-0.291	-0.553	-0.023	-0.332	-0.281	-0.476	-0.294	-0.495	-0.469	-0.895	-0.789	-0.297	-0.438	-0.570	-0.179	-0.041	-0.156	-0.812	-0.387	-0.671	-0.517	-0.437	-0.432	-0.151	-0.344	-0.644	-0.348	-0.713	-0.603	-0.440	-0.621	-0.718
635.0	-60.17	-22.75	-4.023	-18.55	-0.593	-4.397	9.073	22.03	22.41	34.43	39.23	42.82	35.20	48.43	48.06	14.67	5.567	5.418	33.19	319.5	793.9	43.94	0.275	-0.818	0.212	0.162	-0.169	-0.459	-0.566	-0.766	-0.909	-0.601	-0.166	-0.512	0.451	0.405	0.513	-0.816	-0.265	-0.568	-0.417	-0.633	-0.730	-0.600	-0.489	-0.819	-0.496	-0.053	-0.793	-0.179	-0.339	-0.430	-0.754	-0.053	-0.637	-0.509	-0.827	-0.673	-0.312	-0.376	-0.431	-0.327	-0.683	-0.478	-0.808	-1.017	-0.390	-1.037	-0.475	-0.419	-0.397	-0.756	-0.424	-0.913	-0.060	-0.470	-0.762
640.0	-65.88	-35.82	-2.074	-6.785	-0.655	7.526	7.619	16.34	25.70	30.26	41.06	39.00	37.00	36.87	53.32	16.21	6.919	2.620	8.078	83.48	784.2	243.2	-0.393	-0.648	-0.424	-0.205	-0.273	-0.880	-0.584	0.156	0.228	-1.166	0.012	0.134	-0.634	0.022	0.514	-0.406	-0.140	0.114	-0.245	-1.015	-0.528	-0.169	-0.106	-0.375	-0.480	-0.513	-0.630	-0.389	-0.131	-0.501	-0.810	-0.215	-0.934	-0.369	-0.363	-0.251	-0.559	-0.311	-0.364	-0.186	-0.159	-0.367	-0.778	-0.558	-0.206	-0.358	-0.546	-0.324	-0.472	-0.690	-0.375	-0.336	-0.272	-0.692	-0.546
645.0	-19.83	-33.90	-27.39	-14.57	-7.184	8.120	12.07	24.65	38.57	22.89	35.05	28.03	34.67	34.39	46.08	24.01	5.224	1.460	4.567	20.33	433.9	590.6	11.28	-0.357	0.784	-0.336	0.148	-0.685	-0.474	-0.584	0.371	-1.907	-1.514	0.238	-1.110	-0.337	0.176	-0.892	-0.389	-0.164	-0.736	-0.344	0.009	-0.682	-0.065	-0.444	-0.534	-0.843	-0.544	-0.401	-0.396	-0.618	-0.471	0.044	-0.798	-0.677	-0.776	-0.768	-0.567	-0.104	-0.458	-0.385	-0.498	-0.698	-0.912	-0.554	-0.808	-0.514	-0.211	-0.603	-0.862	-0.707	-0.588	-0.419	-0.485	-0.883	-0.364
650.0	-55.29	-15.44	-14.47	-4.384	2.883	16.16	27.94	26.01	34.20	27.28	30.28	24.44	32.68	29.24	37.98	30.25	5.414	2.837	0.936	5.337	137.3	735.8	109.3	0.128	0.031	-1.033	-0.031	-0.765	0.146	-0.371	-0.802	-0.309	-1.018	-0.019	-0.507	-0.012	-0.054	-0.838	-0.085	-1.175	-0.539	-0.372	-0.479	-0.330	-0.423	-0.984	-0.207	-0.780	-0.933	-0.334	-0.021	-0.338	-0.868	-0.009	-0.599	-0.519	-0.931	-0.958	-0.729	-0.559	-0.723	-0.515	-0.440	-0.062	-1.054	-0.434	-0.480	-0.706	-0.177	-0.329	-1.221	-1.007	-0.731	-0.584	-0.166	-0.783	-0.642
