Sample:	'1
File name:	Default_20250718_160013.FD3
Run date:	'15:53:52, 07/18/2025
Operator:	dsjg
Comment:	'

Instrument
Model:	F-2700 FL Spectrophotometer
Serial number:	2198-001
ROM Version:	4J14000 07

Instrument parameters
Measurement type:	3-D scan
Data mode:	Fluorescence
EX  Start WL:	220.0 nm
EX  End WL:	600.0 nm
EX Sampling interval:	5.0 nm
EM  Start WL:	230.0 nm
EM  End WL:	650.0 nm
EM Sampling interval:	5.0 nm
Scan speed:	12000 nm/min
EX Slit:	5.0 nm
EM Slit:	5.0 nm
PMT Voltage:	700 V
Response:	Auto 
Corrected spectra:	Off
Contour interval:	50.000

Peak integration
Integration method:	Rectangular
Sensitivity:	1
Threshold:	1.000

Peaks
No.	ApexEX/EM(nm)	Height(Data)
1	230.0/340.0	 5342
2	240.0/265.0	141.2
3	240.0/425.0	681.2
4	245.0/270.0	121.0
5	245.0/445.0	629.2
6	255.0/280.0	174.5
7	255.0/560.0	56.19
8	260.0/575.0	44.98
9	275.0/320.0	 5545
10	275.0/615.0	245.5
11	275.0/635.0	241.4
12	350.0/400.0	131.5
13	355.0/405.0	131.8
14	360.0/410.0	118.6
15	365.0/415.0	117.2
16	370.0/425.0	116.4
17	375.0/430.0	101.9
18	380.0/435.0	94.79
19	385.0/445.0	85.42
20	395.0/455.0	58.54
21	400.0/465.0	49.64
22	410.0/475.0	31.05
23	415.0/485.0	27.82
24	420.0/490.0	22.97
25	425.0/495.0	19.97
26	430.0/505.0	17.66
27	435.0/510.0	14.22
28	440.0/515.0	12.55
29	445.0/525.0	11.18
30	455.0/540.0	7.884
31	460.0/345.0	18.08
32	470.0/560.0	4.563
33	475.0/350.0	19.31
34	475.0/565.0	3.945
35	485.0/580.0	3.040
36	560.0/325.0	29.91
37	565.0/320.0	29.99

Data points
	220.0	225.0	230.0	235.0	240.0	245.0	250.0	255.0	260.0	265.0	270.0	275.0	280.0	285.0	290.0	295.0	300.0	305.0	310.0	315.0	320.0	325.0	330.0	335.0	340.0	345.0	350.0	355.0	360.0	365.0	370.0	375.0	380.0	385.0	390.0	395.0	400.0	405.0	410.0	415.0	420.0	425.0	430.0	435.0	440.0	445.0	450.0	455.0	460.0	465.0	470.0	475.0	480.0	485.0	490.0	495.0	500.0	505.0	510.0	515.0	520.0	525.0	530.0	535.0	540.0	545.0	550.0	555.0	560.0	565.0	570.0	575.0	580.0	585.0	590.0	595.0	600.0
230.0	139.9	 1198	 2020	468.3	33.35	22.25	18.83	16.58	13.34	12.55	11.32	9.915	9.299	7.997	6.869	5.896	5.082	4.781	3.895	3.572	3.234	2.942	2.913	2.627	2.505	2.519	2.397	2.305	2.269	2.316	2.183	2.096	2.008	1.894	1.876	1.835	1.711	1.690	1.708	1.569	1.599	1.648	1.788	1.541	1.422	1.483	1.410	2.833	4.986	5.015	3.095	1.611	1.206	1.261	1.221	1.240	1.315	1.253	1.292	1.302	1.329	1.268	1.369	1.339	1.339	1.400	1.358	1.348	1.360	1.415	1.364	1.401	1.419	1.492	1.402	1.478	1.480
235.0	124.9	363.8	 1269	 1599	397.7	29.94	19.47	16.24	14.42	12.50	12.73	10.89	9.547	7.922	6.744	6.051	5.244	4.479	3.979	3.488	3.285	3.066	2.978	2.540	2.245	2.735	2.456	2.397	2.332	2.252	2.165	2.156	1.964	2.014	1.616	1.781	1.721	1.743	1.809	1.598	1.630	1.566	1.585	1.773	1.523	1.576	1.374	1.581	2.284	3.284	4.295	5.473	3.661	1.796	1.287	1.212	1.454	1.266	1.305	1.288	1.273	1.242	1.279	1.367	1.280	1.411	1.371	1.373	1.427	1.315	1.468	1.439	1.532	1.328	1.311	1.373	1.454
240.0	136.8	145.9	429.8	 1424	 1389	242.4	22.26	16.14	15.30	12.85	12.14	11.08	10.40	8.514	7.221	6.395	5.625	4.379	3.975	3.626	3.160	2.924	2.796	2.822	2.295	2.469	2.444	2.216	2.176	2.361	2.226	2.009	2.117	1.922	1.741	1.749	1.686	1.732	1.805	1.538	1.514	1.505	1.457	1.491	1.637	1.690	1.558	1.300	1.471	1.578	2.138	4.747	6.521	5.966	3.294	1.632	1.397	1.290	1.274	1.309	1.337	1.216	1.363	1.343	1.260	1.306	1.333	1.413	1.401	1.352	1.460	1.398	1.461	1.309	1.449	1.432	1.568
245.0	135.7	129.4	148.0	555.7	 1506	 1041	176.4	18.17	14.84	13.41	11.87	10.65	9.831	9.173	7.261	6.419	5.839	4.813	3.930	3.498	3.163	3.096	2.637	2.697	2.417	2.270	2.285	2.300	2.157	2.313	2.229	2.108	2.102	1.898	1.737	1.740	1.650	1.568	1.655	1.565	1.617	1.497	1.427	1.464	1.427	1.569	1.560	1.481	1.366	1.150	1.265	2.269	3.794	6.450	7.565	5.147	2.588	1.331	1.227	1.456	1.272	1.352	1.335	1.347	1.297	1.331	1.389	1.307	1.374	1.473	1.421	1.303	1.486	1.304	1.477	1.410	1.582
250.0	98.55	116.6	124.3	172.0	542.2	 1083	 1481	225.8	39.12	13.37	12.98	11.42	9.777	8.530	7.159	6.683	5.676	5.017	3.948	3.482	3.201	3.191	2.784	2.696	2.645	2.383	2.441	2.310	2.344	2.186	2.232	2.217	1.978	1.870	1.783	1.651	1.524	1.642	1.580	1.661	1.607	1.602	1.530	1.633	1.574	1.568	1.419	1.440	1.475	1.340	1.223	1.465	1.788	2.774	4.156	5.731	7.364	6.960	5.143	2.747	1.551	1.290	1.282	1.406	1.351	1.312	1.349	1.376	1.392	1.430	1.431	1.356	1.452	1.394	1.373	1.469	1.502
255.0	85.81	75.60	107.8	138.8	161.0	301.6	 1303	 1763	303.9	37.81	12.66	11.76	9.385	9.680	7.924	6.294	5.501	4.968	4.205	3.484	3.359	2.836	2.988	2.854	2.666	2.587	2.490	2.320	2.237	2.276	2.269	2.203	2.061	1.789	1.911	1.677	1.509	1.600	1.509	1.523	1.614	1.644	1.556	1.499	1.425	1.561	1.245	1.373	1.243	1.338	1.327	1.641	1.430	1.540	1.905	2.246	3.113	5.377	9.667	11.31	8.262	3.122	1.485	1.563	1.308	1.372	1.349	1.330	1.449	1.633	1.447	1.401	1.395	1.349	1.360	1.555	1.439
260.0	83.51	67.31	71.37	129.3	120.1	96.43	439.5	 1522	 1884	250.2	24.04	12.43	10.28	9.572	8.313	6.240	5.604	5.075	4.366	3.731	3.304	3.219	2.978	2.793	2.610	2.390	2.244	2.351	2.412	2.182	2.253	2.288	2.051	1.908	1.918	1.606	1.651	1.549	1.589	1.475	1.677	1.577	1.674	1.599	1.414	1.546	1.314	1.327	1.245	1.102	1.176	1.491	1.767	1.616	1.500	1.667	1.818	2.419	4.529	8.890	13.52	12.63	6.716	6.636	1.364	1.350	1.421	1.436	1.453	1.519	1.319	1.345	1.484	1.432	1.388	1.568	1.513
265.0	83.60	68.49	54.32	84.98	141.2	88.72	125.9	561.9	 1932	 1820	204.2	15.78	10.62	9.258	8.042	7.059	5.818	5.172	4.402	3.766	3.568	3.165	3.180	2.593	2.691	2.426	2.443	2.203	2.569	2.265	2.328	2.160	2.218	1.859	1.780	1.772	1.698	1.655	1.686	1.515	1.493	1.590	1.518	1.585	1.482	1.411	1.327	1.351	1.206	1.049	1.029	1.344	1.571	1.909	1.759	1.503	1.578	1.607	2.129	3.370	6.732	12.65	15.55	18.90	4.670	1.654	1.386	1.231	1.417	1.430	1.364	1.272	1.400	1.484	1.478	1.622	1.378
270.0	88.29	69.74	52.20	49.80	84.57	121.0	102.7	156.6	636.5	 1627	 1912	762.1	58.02	10.56	8.935	7.530	6.287	5.334	4.519	3.827	3.643	3.224	3.012	2.714	2.804	2.503	2.597	2.415	2.456	2.285	2.227	2.195	2.094	1.913	1.900	1.758	1.730	1.633	1.615	1.518	1.574	1.502	1.560	1.559	1.486	1.440	1.402	1.426	1.183	1.114	1.060	1.198	1.418	1.469	1.756	1.850	1.868	1.790	1.513	1.805	2.608	4.534	7.289	15.24	13.46	12.58	8.882	4.239	1.750	1.467	1.402	1.382	1.407	1.452	1.403	1.509	1.416
275.0	101.9	74.03	57.65	43.01	43.97	77.09	142.9	129.6	178.1	435.7	 1262	 2419	 1112	64.42	9.767	8.042	6.535	5.627	4.509	3.872	3.631	3.274	3.170	2.882	2.715	2.435	2.480	2.554	2.334	2.372	2.249	2.108	2.144	1.984	1.851	1.696	1.598	1.692	1.624	1.591	1.546	1.558	1.511	1.652	1.581	1.559	1.382	1.405	1.307	1.071	1.053	1.236	1.251	1.271	1.388	1.432	1.675	2.197	1.962	1.831	1.729	2.167	2.762	4.505	4.819	7.826	13.55	16.77	12.17	4.226	1.524	1.331	1.423	1.482	1.510	1.573	1.473
280.0	129.6	92.46	61.62	44.86	35.29	45.42	109.5	174.5	126.0	151.5	419.2	 1632	 2490	846.8	31.45	9.233	7.591	5.739	4.642	4.151	3.394	3.192	3.026	2.892	2.670	2.634	2.467	2.476	2.503	2.218	2.273	2.164	2.248	2.118	2.004	1.880	1.824	1.660	1.671	1.650	1.535	1.710	1.586	1.563	1.658	1.612	1.419	1.414	1.323	1.170	1.034	1.198	1.271	1.340	1.227	1.320	1.493	1.778	2.145	2.517	2.010	1.720	1.958	2.287	2.459	3.181	5.557	10.65	17.15	16.73	8.932	2.411	1.431	1.468	1.510	1.485	1.592
285.0	149.0	100.4	67.41	46.83	38.84	40.26	67.95	171.2	198.5	129.2	173.7	579.5	 1870	 2350	140.7	15.25	8.103	6.315	4.922	4.170	3.376	3.393	3.099	2.756	2.772	2.637	2.343	2.397	2.596	2.391	2.138	2.314	2.065	2.088	2.071	2.003	1.889	1.702	1.868	1.884	1.647	1.751	1.716	1.760	1.749	1.657	1.474	1.542	1.371	1.226	1.077	1.207	1.311	1.295	1.249	1.307	1.448	1.460	1.708	2.080	2.759	2.316	2.015	2.004	1.903	2.135	2.753	4.205	7.734	14.10	18.21	13.96	5.526	1.665	1.407	1.479	1.496
290.0	191.7	128.8	82.50	61.82	55.83	58.91	78.01	136.3	241.2	284.4	204.8	257.0	631.5	 1499	 1943	992.0	45.14	12.01	6.194	4.589	3.856	3.425	3.200	2.830	2.779	2.629	2.517	2.592	2.412	2.352	2.225	2.330	2.185	2.132	2.083	1.980	2.045	1.867	1.917	1.880	1.831	1.889	1.846	1.829	1.805	1.697	1.547	1.657	1.456	1.214	1.140	1.302	1.317	1.327	1.343	1.386	1.586	1.617	1.649	1.874	2.285	2.696	2.975	2.935	2.469	2.425	2.337	2.642	3.391	4.986	7.874	11.00	14.31	14.03	10.06	4.188	1.832
295.0	260.8	218.3	162.2	121.5	132.7	153.2	199.9	265.6	329.8	526.7	595.2	479.4	321.1	595.6	 1148	 2401	811.6	71.24	15.46	5.894	4.284	4.174	3.551	3.270	3.006	2.635	2.539	2.553	2.539	2.442	2.691	2.250	2.331	2.231	2.126	2.198	2.099	2.224	2.197	2.058	2.022	2.172	1.998	2.151	1.996	1.966	1.669	1.855	1.605	1.543	1.393	1.581	1.662	1.694	1.806	1.867	2.068	2.301	2.281	2.609	2.782	3.094	3.491	4.256	4.619	4.477	3.510	3.564	3.573	3.738	4.193	4.829	5.980	8.979	16.18	20.56	13.49
300.0	467.4	443.5	355.5	282.6	297.8	367.2	436.0	721.4	970.4	 1315	 1581	 1476	 1226	 1082	 1110	 1998	 3205	719.0	68.43	12.46	5.927	4.404	3.821	3.441	3.018	2.760	2.609	2.906	2.566	2.473	2.503	2.293	2.425	2.234	2.285	2.424	2.415	2.713	2.523	2.735	2.627	2.662	2.505	2.658	2.506	2.519	2.363	2.564	2.372	2.175	1.986	2.272	2.132	2.502	2.460	2.739	3.425	3.871	4.431	4.838	5.618	6.392	7.464	8.214	9.272	9.973	9.769	9.220	9.039	7.993	7.787	7.195	7.035	8.402	10.23	16.24	23.42
305.0	813.2	816.7	677.5	541.1	548.1	710.0	 1023	 1462	 2026	 2414	 3274	 3571	 3203	 2573	 2322	 2209	 3412	 3804	570.6	32.31	8.380	5.606	4.696	4.160	3.623	3.114	2.984	2.867	2.823	2.617	2.719	2.595	2.609	2.558	2.780	2.685	3.068	3.532	3.776	4.048	3.890	3.953	3.423	3.685	3.597	3.803	3.672	3.853	3.630	3.098	2.785	3.155	3.095	3.212	3.704	4.295	5.278	6.613	7.752	8.642	10.24	11.85	14.10	15.67	16.96	18.13	20.16	19.91	19.24	16.71	15.88	13.95	14.06	14.79	13.59	13.61	18.64
310.0	 1233	 1291	 1081	837.8	828.6	 1030	 1462	 2011	 2638	 3390	 4141	 4622	 4469	 3674	 3211	 2621	 2900	 3107	 2485	 1090	34.66	7.418	5.429	4.725	3.871	3.436	3.496	2.967	2.895	2.933	2.930	2.779	2.687	2.834	2.836	3.026	3.515	4.002	4.512	4.897	4.876	4.890	4.690	4.578	4.766	5.131	4.938	5.274	5.191	4.211	3.787	4.247	4.377	4.559	5.127	5.717	7.150	8.767	10.34	11.53	13.22	15.21	17.69	19.71	21.30	23.57	24.47	25.10	25.84	23.78	21.94	19.30	19.51	19.67	16.80	15.19	16.88
315.0	 1766	 1879	 1546	 1182	 1088	 1314	 1796	 2355	 2984	 3879	 4681	 5275	 5232	 4572	 3950	 3080	 2961	 2247	 1299	 2547	578.0	38.90	7.620	5.623	4.479	3.662	3.316	3.527	3.060	3.089	2.704	2.776	2.727	3.067	3.172	3.305	3.573	4.529	4.910	5.503	5.642	5.417	5.564	5.548	5.847	6.578	6.658	7.421	6.839	5.671	4.818	5.737	5.463	5.833	6.279	7.243	8.685	10.47	12.22	13.72	14.87	16.52	19.69	22.01	23.99	25.85	26.98	28.66	29.28	27.52	26.61	24.42	23.60	22.66	19.46	17.26	18.17
320.0	 2176	 2497	 1984	 1402	 1232	 1429	 1944	 2505	 3125	 4059	 4908	 5545	 5531	 4952	 4390	 3327	 3050	 2086	701.3	 1306	 2657	491.8	25.55	7.030	4.826	3.943	3.680	3.676	3.085	3.226	2.845	2.875	2.801	2.890	2.999	3.464	3.533	4.485	5.350	5.884	5.900	6.133	6.187	6.489	6.816	7.822	8.396	9.541	8.933	7.015	5.884	6.337	6.152	6.348	6.883	7.708	9.208	10.82	13.37	14.69	15.11	17.32	20.37	23.15	25.30	26.82	28.45	29.57	29.89	29.99	27.66	26.62	26.41	24.81	20.79	19.15	19.29
325.0	 2687	 3165	 2584	 1715	 1371	 1479	 1935	 2490	 3005	 3880	 4748	 5381	 5415	 4895	 4416	 3405	 2959	 1966	585.0	496.3	 1631	 2656	384.3	16.02	6.108	4.589	3.846	3.819	3.465	3.143	3.094	2.772	2.603	3.087	3.127	3.607	3.560	4.453	5.055	6.007	6.272	6.319	6.638	6.989	7.800	9.008	9.657	11.59	11.18	9.066	7.450	7.778	7.126	6.940	7.107	7.997	9.401	10.95	12.94	14.28	15.35	16.93	20.16	22.05	23.96	26.15	27.62	28.71	29.91	29.04	27.59	26.38	26.47	25.98	22.08	19.03	18.11
330.0	 3274	 4122	 3861	 2910	 2020	 1662	 1925	 2382	 2814	 3606	 4402	 5066	 5201	 4784	 4282	 3443	 2960	 1935	706.2	409.9	622.8	 1560	 2323	 1029	30.66	6.380	4.651	4.027	3.612	3.240	3.166	2.894	2.829	2.991	3.199	3.387	3.690	4.297	5.201	5.950	6.068	6.533	7.162	7.600	8.802	10.68	11.59	14.16	14.22	12.88	11.36	12.53	11.15	9.407	8.581	8.321	9.811	11.11	12.41	14.10	14.77	16.01	18.16	20.52	22.31	24.39	26.13	27.16	28.54	27.75	26.79	25.84	25.81	24.61	21.95	20.05	19.19
335.0	 3868	 5037	 5082	 4081	 2869	 1981	 1955	 2287	 2637	 3374	 4131	 4781	 5008	 4696	 4215	 3416	 3040	 2069	926.9	559.2	487.5	625.9	 1108	 2688	 1444	34.67	5.962	4.614	3.906	3.532	3.370	2.890	3.001	2.909	3.282	3.323	3.622	4.244	5.192	5.857	6.059	6.836	7.412	8.389	10.09	12.42	13.79	16.61	17.88	16.34	15.40	17.53	15.52	13.65	11.44	9.701	9.804	11.12	12.34	13.60	13.74	14.90	16.91	19.32	20.86	22.82	24.87	25.48	26.48	27.32	25.50	25.29	25.72	24.35	22.12	19.92	19.79
340.0	 3867	 5212	 5342	 4450	 3088	 2013	 1872	 2128	 2419	 3021	 3731	 4355	 4598	 4394	 3941	 3194	 2794	 2045	 1008	612.5	465.1	425.9	510.2	 1384	 2931	417.2	18.81	5.245	4.143	3.909	3.101	3.080	2.821	2.982	3.111	3.257	3.746	4.151	4.772	5.383	5.920	6.897	7.259	8.459	10.37	12.67	14.20	17.29	18.08	17.00	16.77	18.59	16.88	14.69	11.83	9.957	9.725	10.43	11.78	12.81	12.75	13.91	15.35	17.32	18.84	20.70	22.36	23.16	25.19	25.27	24.46	23.70	24.09	22.87	20.97	19.06	18.64
345.0	 3722	 5044	 5339	 4532	 3089	 1938	 1721	 1899	 2133	 2676	 3280	 3847	 4101	 3955	 3554	 2894	 2481	 1866	 1057	631.2	461.8	385.4	366.5	503.0	 1735	 2618	323.8	8.838	4.419	4.234	3.319	3.162	3.106	2.885	3.084	3.124	3.300	3.796	4.483	5.114	5.850	6.519	6.945	8.042	9.431	12.01	13.77	16.65	18.08	17.05	17.21	19.11	16.95	14.30	11.95	9.397	9.166	9.650	10.90	11.15	11.61	12.33	13.34	15.24	16.79	18.15	19.61	20.84	22.12	22.45	22.51	21.78	21.89	20.74	19.08	17.45	16.60
350.0	 3451	 4691	 5133	 4557	 3132	 1881	 1537	 1654	 1826	 2258	 2762	 3257	 3511	 3435	 3110	 2581	 2184	 1615	 1046	721.8	492.1	392.3	356.1	280.3	490.1	 1454	 2112	919.8	23.34	4.512	3.734	3.423	3.095	3.097	3.092	2.971	3.031	3.659	4.273	4.728	5.183	5.915	6.440	7.458	8.936	11.09	12.41	15.58	17.17	16.71	17.01	19.31	17.49	15.05	11.62	9.192	8.651	8.513	9.475	9.734	9.986	10.73	11.68	12.92	14.47	15.94	16.70	18.07	18.73	19.21	19.73	19.33	19.24	18.30	16.85	15.37	15.18
355.0	 3071	 4130	 4542	 4109	 2956	 1740	 1338	 1415	 1527	 1844	 2243	 2653	 2878	 2851	 2597	 2194	 1857	 1376	904.0	716.1	542.7	382.7	332.0	229.6	170.0	352.1	806.3	 2410	 1317	30.28	4.673	3.516	2.919	2.939	2.810	2.920	2.871	3.258	3.945	4.310	4.667	5.068	5.560	6.428	7.396	10.23	10.83	13.43	15.29	14.96	15.00	17.76	16.09	14.35	11.15	8.551	8.039	7.890	8.123	8.519	8.450	9.026	10.09	10.92	12.03	13.25	14.19	14.93	15.68	16.27	16.88	16.02	16.26	15.64	14.46	13.32	13.00
360.0	 2598	 3540	 3980	 3641	 2621	 1546	 1162	 1211	 1297	 1551	 1875	 2216	 2398	 2388	 2202	 1860	 1580	 1177	782.7	604.9	541.7	384.7	302.7	196.2	97.63	104.5	207.1	 1122	 2736	393.3	17.33	3.810	3.127	3.043	2.742	2.852	2.737	3.255	3.424	3.976	4.246	4.582	5.049	5.762	6.499	9.123	9.867	12.26	13.66	13.09	13.27	15.35	14.92	12.86	9.937	7.459	7.235	7.047	7.263	7.647	7.815	8.012	8.483	9.619	10.24	11.45	11.98	12.68	13.21	13.81	13.89	13.91	14.10	13.53	12.61	11.72	11.36
365.0	 2205	 3104	 3478	 3227	 2348	 1382	 1003	 1026	 1104	 1314	 1581	 1855	 2017	 2027	 1871	 1595	 1353	 1028	697.3	518.7	469.1	411.9	295.3	176.9	79.24	50.36	62.73	293.9	 1615	 2497	306.9	7.329	3.793	3.408	2.919	2.967	2.745	3.066	3.329	3.497	3.947	4.186	4.750	5.272	5.899	8.223	8.515	10.92	11.72	11.68	11.74	13.85	13.41	11.49	8.821	6.951	6.403	6.076	6.589	6.755	6.867	7.121	7.401	8.111	8.553	9.979	10.49	10.65	11.65	11.69	12.08	12.43	11.97	11.55	10.72	10.65	9.598
370.0	 1821	 2540	 2881	 2743	 2032	 1192	866.5	856.3	908.8	 1066	 1283	 1500	 1620	 1640	 1530	 1316	 1126	867.4	610.0	457.0	376.9	366.9	325.9	181.6	75.70	41.72	33.91	80.43	411.2	 1392	 2074	851.3	20.40	3.790	3.122	2.946	2.625	2.930	3.097	3.229	3.467	3.835	4.248	4.570	5.368	6.799	6.884	8.672	9.831	10.06	10.14	12.17	11.59	10.44	8.077	6.345	5.770	5.233	5.676	5.680	5.939	5.856	6.254	7.064	7.556	8.228	8.743	9.280	9.612	9.912	9.912	10.18	10.02	9.799	9.248	8.848	8.570
375.0	 1483	 2000	 2298	 2193	 1683	 1006	725.6	703.3	741.1	843.7	 1008	 1170	 1271	 1293	 1202	 1057	910.9	721.3	525.2	399.8	321.3	281.9	293.9	226.6	87.48	43.76	31.53	36.31	105.1	324.1	791.0	 2306	 1182	24.72	3.537	3.250	2.727	2.705	2.929	2.997	3.195	3.428	3.612	3.970	4.641	5.652	5.717	7.061	8.208	8.007	8.281	9.813	9.460	8.858	6.915	5.503	5.021	4.772	5.019	4.752	4.907	4.924	5.387	5.536	6.397	6.486	6.781	7.668	7.717	8.227	8.020	7.991	8.217	7.818	7.545	7.451	7.178
380.0	 1219	 1639	 1904	 1817	 1412	869.7	627.8	602.8	614.2	706.3	839.7	964.9	 1062	 1074	 1001	889.0	780.3	622.6	470.9	363.3	292.0	247.4	237.0	231.0	123.5	50.60	33.65	27.81	39.20	84.27	195.2	 1081	 2448	331.8	13.70	3.481	2.943	2.892	2.884	2.709	2.896	3.158	3.395	3.774	4.026	4.948	4.966	6.040	7.069	6.867	7.177	8.287	7.899	7.439	6.237	4.895	4.507	4.219	4.380	4.281	4.505	4.438	4.756	4.988	5.502	5.432	5.832	6.415	6.344	6.868	7.172	6.983	7.195	7.039	6.942	6.859	6.354
385.0	 1039	 1414	 1612	 1558	 1227	765.9	556.2	528.9	534.1	608.8	716.3	819.4	900.2	906.4	865.0	777.1	685.3	561.4	438.8	343.3	278.6	232.5	204.8	189.4	163.7	66.05	38.27	29.70	27.02	32.66	54.60	277.2	 1461	 2041	246.1	5.698	3.077	2.726	2.888	2.913	2.910	2.991	3.251	3.201	3.748	4.304	4.476	5.385	6.017	5.867	6.180	7.571	7.167	6.449	5.803	4.683	4.381	4.054	4.043	3.979	4.081	3.892	4.327	4.461	4.849	5.092	4.909	5.614	5.979	5.980	6.028	6.202	6.353	6.146	6.364	5.965	5.892
390.0	876.2	 1146	 1303	 1287	 1044	679.2	498.0	466.0	464.5	514.4	599.2	680.6	739.1	757.9	727.5	668.6	604.9	514.6	417.3	340.3	280.4	231.9	197.6	155.1	141.2	123.1	66.20	37.39	29.30	25.77	27.17	73.21	368.2	 1135	 1621	656.9	17.02	3.448	3.116	2.932	2.894	2.892	3.085	3.042	3.360	3.781	3.897	4.748	4.985	4.971	5.157	6.396	6.247	5.997	5.003	4.131	3.979	3.912	3.808	3.662	3.650	3.744	3.878	4.011	4.153	4.580	4.516	4.942	5.132	5.271	5.357	5.219	5.279	5.584	5.443	5.150	5.528
395.0	727.5	924.0	 1056	 1055	876.6	615.6	460.5	419.9	414.5	442.4	515.8	582.1	629.8	645.9	628.0	594.8	554.2	497.6	415.5	353.2	296.0	243.7	205.4	153.1	115.4	120.0	123.0	57.79	36.82	30.62	27.04	32.60	95.31	266.1	623.0	 1817	308.3	21.37	3.789	3.052	2.918	2.948	2.837	3.059	3.135	3.337	3.441	4.001	4.194	4.317	4.474	5.585	5.543	5.275	4.655	4.086	3.722	3.625	3.533	3.398	3.368	3.422	3.456	3.650	3.842	3.802	4.155	4.455	4.463	4.690	4.548	4.697	4.839	5.090	5.123	4.798	4.882
400.0	668.8	809.1	932.0	937.9	805.0	582.4	451.7	400.8	393.8	409.2	461.6	526.3	568.7	585.6	587.1	567.0	536.8	488.8	430.2	370.1	312.9	261.3	215.0	160.1	116.8	103.1	131.5	101.7	51.34	38.33	32.56	29.22	39.40	74.43	158.0	860.9	 1731	282.8	11.24	3.445	3.125	3.002	2.815	2.924	3.004	3.083	3.163	3.558	3.736	3.971	4.001	4.940	4.949	4.899	4.298	3.958	3.621	3.428	3.592	3.406	3.305	3.265	3.346	3.417	3.709	3.581	3.835	3.969	3.987	4.292	4.367	4.776	4.603	4.807	4.839	4.828	4.891
405.0	621.3	731.1	843.1	853.7	754.4	574.4	455.7	405.0	378.4	392.0	438.8	493.0	535.4	552.3	560.8	548.9	529.9	497.0	444.8	394.3	336.0	280.1	229.2	172.4	125.4	102.4	111.3	131.8	79.09	48.43	40.63	34.46	31.88	36.24	52.29	225.0	 1051	 1575	211.5	6.007	3.413	3.033	2.995	2.752	2.899	3.087	3.052	3.313	3.584	3.542	3.564	4.603	4.706	4.376	4.265	3.948	3.587	3.635	3.671	3.380	3.178	3.249	3.177	3.334	3.405	3.356	3.709	3.781	3.916	4.206	4.116	4.425	4.434	4.593	4.475	4.565	4.839
410.0	563.1	664.3	741.2	772.4	711.4	568.9	471.7	409.3	369.4	370.8	413.6	465.4	499.6	523.0	537.8	537.2	533.2	510.7	470.3	420.2	358.4	299.3	244.6	184.8	137.9	110.5	100.3	113.4	118.6	76.75	52.22	42.62	36.45	32.47	32.41	67.47	269.7	877.1	 1257	491.3	14.93	3.367	3.150	2.936	2.827	2.941	2.952	3.138	3.337	3.333	3.315	4.254	4.470	4.361	4.151	3.844	3.828	3.546	3.460	3.337	3.306	3.181	3.240	3.277	3.328	3.342	3.504	3.730	3.793	3.966	3.984	4.155	4.352	4.298	4.392	4.620	4.761
415.0	513.7	601.8	680.0	728.9	686.9	586.6	501.3	412.6	360.8	365.3	390.7	430.5	468.3	493.1	511.1	530.1	527.6	520.6	483.3	435.5	373.7	311.1	251.3	192.7	146.3	117.8	102.9	97.68	109.0	117.2	74.90	49.58	41.64	34.34	30.67	33.44	74.67	206.7	494.0	 1341	283.1	18.31	3.376	3.027	2.811	2.774	2.909	3.048	3.194	3.027	3.181	4.019	4.190	4.125	4.141	3.815	3.873	3.797	3.524	3.570	3.305	3.193	3.123	3.340	3.019	3.185	3.416	3.589	3.740	3.941	3.473	3.998	4.151	4.153	4.451	4.490	4.613
420.0	508.2	563.3	633.6	682.3	674.1	603.9	517.2	423.7	364.3	351.5	380.0	416.9	452.8	484.7	505.3	513.7	524.8	513.3	484.8	436.0	374.6	312.4	253.0	193.5	149.8	122.7	106.0	94.69	93.72	116.9	101.1	58.54	44.29	35.75	31.28	26.61	30.72	56.21	121.3	634.8	 1338	252.3	10.22	3.234	2.933	2.986	2.722	2.922	2.982	2.904	3.241	3.904	3.833	4.265	4.045	3.827	3.994	3.795	3.690	3.706	3.302	3.081	3.122	3.043	3.168	3.059	3.329	3.523	3.624	3.526	3.688	3.855	4.112	4.218	4.297	4.531	4.520
425.0	484.0	526.3	603.8	656.6	681.2	617.5	530.6	437.3	364.3	338.8	366.8	403.5	436.1	469.5	486.8	503.9	513.1	508.5	481.7	432.3	373.0	309.2	251.4	195.1	150.8	125.7	110.2	98.51	90.90	99.03	116.4	78.10	48.05	38.34	31.97	26.30	22.27	23.11	34.12	161.4	830.5	 1211	185.7	4.891	2.955	2.973	2.559	2.849	2.798	2.870	3.093	3.748	3.838	4.271	4.048	3.943	3.977	3.870	3.844	3.731	3.272	3.012	3.068	3.032	3.015	2.979	3.200	3.327	3.451	3.592	3.654	4.100	3.713	4.383	4.326	4.291	4.507
430.0	489.9	507.8	571.9	638.2	671.2	626.3	553.5	451.8	366.8	335.4	358.1	386.7	421.8	456.0	470.0	491.8	502.1	495.7	470.2	423.0	363.3	302.6	244.8	194.1	152.8	130.7	113.9	104.3	94.58	90.25	99.08	101.9	68.16	45.47	35.62	29.40	22.60	17.23	15.50	41.86	210.0	686.6	975.2	384.9	13.32	3.258	2.704	2.888	2.747	2.824	2.961	3.670	3.875	4.145	4.016	4.156	4.426	4.046	3.861	3.662	3.315	3.090	3.087	3.047	3.040	3.028	3.101	3.161	3.390	3.443	3.558	3.891	3.799	4.097	4.062	4.329	4.505
435.0	759.5	474.1	546.4	612.8	656.9	633.1	568.1	459.5	366.2	327.0	342.2	372.3	403.4	431.8	450.7	466.7	483.5	474.7	450.4	403.7	345.2	286.4	236.0	187.6	152.7	131.5	118.1	106.1	97.92	91.03	85.78	91.60	94.79	60.81	40.20	32.21	24.44	17.42	12.47	15.65	52.30	159.2	389.2	 1106	262.6	16.02	3.314	2.951	2.833	2.719	2.911	3.576	3.976	4.074	4.127	4.155	4.465	4.265	4.071	3.738	3.402	3.070	3.080	2.981	2.796	2.929	3.018	3.121	3.357	3.306	3.537	3.799	3.928	4.071	4.005	4.252	4.422
440.0	 1337	478.1	526.1	598.1	644.6	622.1	565.6	462.0	358.4	322.4	325.9	361.0	386.8	415.2	433.0	445.1	463.5	451.6	426.7	386.4	330.3	273.1	225.3	179.9	149.4	128.1	116.0	106.4	99.58	90.70	83.84	79.24	92.65	77.16	46.17	33.95	25.59	18.35	12.86	11.09	17.80	41.15	96.51	571.4	 1145	212.9	7.347	3.149	3.152	2.565	2.746	3.520	3.877	4.256	4.090	4.121	4.105	4.404	3.930	3.578	3.220	3.027	3.007	2.833	2.918	2.842	2.899	2.953	3.387	3.102	3.418	3.484	3.539	3.785	3.836	4.289	4.221
445.0	 1920	544.5	497.8	574.3	623.6	629.2	563.6	460.3	360.5	315.0	311.0	342.3	366.5	394.0	409.6	424.7	434.8	429.7	403.7	365.7	308.2	254.1	211.5	173.1	143.3	125.4	113.8	107.1	98.35	90.27	83.48	74.09	76.94	85.42	57.75	35.60	26.57	19.66	14.26	11.38	11.24	15.49	27.44	151.1	784.2	 1021	31.38	4.669	3.371	2.754	2.891	3.540	4.016	4.096	3.961	4.051	4.106	4.369	3.818	3.771	3.288	3.085	2.823	2.957	2.866	2.741	2.785	2.969	3.080	3.094	3.399	3.355	3.398	3.566	3.524	3.984	4.043
450.0	 1757	 1010	482.0	536.5	582.3	600.4	546.5	445.4	347.2	295.9	292.6	310.3	334.6	359.6	374.4	385.9	393.3	387.3	365.8	328.6	278.3	231.1	190.9	157.8	132.5	117.8	109.2	102.1	95.21	88.85	81.21	71.74	65.15	69.46	68.70	46.39	28.77	20.72	16.00	13.29	11.84	11.20	13.05	41.07	203.7	647.5	847.5	318.9	11.23	2.892	2.764	3.521	3.728	3.921	3.933	3.884	4.213	4.147	3.712	3.701	3.233	2.984	2.803	2.840	2.697	2.762	2.757	2.805	2.859	2.971	3.147	3.375	3.284	3.418	3.475	3.764	3.799
455.0	872.7	 1513	628.3	493.8	533.0	554.5	515.9	423.2	323.7	275.5	262.8	279.8	302.6	324.6	336.2	347.1	352.4	344.4	322.5	291.3	245.0	202.5	169.0	139.8	121.8	108.1	102.6	94.51	88.26	84.39	78.02	68.46	59.94	54.53	56.89	58.54	36.34	21.83	16.97	14.28	12.87	11.47	10.64	17.02	53.36	153.3	358.8	958.0	215.7	12.22	2.815	3.326	3.487	3.630	3.867	3.591	4.043	4.089	3.556	3.451	3.173	2.823	2.647	2.833	2.575	2.620	2.635	2.861	2.718	2.907	3.014	3.245	3.177	3.257	3.287	3.557	3.660
460.0	469.6	 1377	907.7	454.7	502.1	510.4	484.2	394.9	303.7	260.1	242.7	257.8	282.3	295.2	305.5	315.3	320.4	310.1	292.7	261.7	220.5	180.3	152.4	126.3	110.1	99.20	96.16	88.86	84.33	80.57	73.66	64.76	56.74	48.71	46.94	54.24	45.91	24.52	17.04	14.52	13.06	11.63	10.36	11.53	19.68	41.78	90.58	504.1	921.4	159.7	5.988	3.285	3.326	3.460	3.871	3.497	3.844	3.881	3.567	3.172	3.160	2.772	2.573	2.744	2.341	2.658	2.392	2.615	2.738	2.666	2.943	3.014	3.009	3.136	3.134	3.331	3.563
465.0	342.8	920.5	 1183	500.9	453.3	478.7	451.2	372.3	280.8	234.6	230.6	236.1	254.3	270.7	281.4	283.0	290.5	281.6	265.7	236.9	197.4	163.1	137.7	115.6	101.5	93.21	88.06	83.43	80.59	75.00	69.45	61.94	53.79	45.83	40.73	43.18	49.64	31.27	18.32	14.90	12.66	11.21	10.31	10.11	11.88	16.43	26.63	133.3	656.2	779.4	25.37	3.978	3.274	3.354	3.570	3.505	3.764	3.529	3.666	3.147	2.982	2.728	2.682	2.574	2.369	2.413	2.413	2.639	2.628	2.660	2.764	2.901	2.864	2.760	3.288	3.141	3.269
470.0	297.3	473.9	 1069	765.0	421.6	420.4	407.8	338.3	257.2	210.2	200.0	207.5	223.3	236.4	241.8	245.9	251.0	240.7	226.0	200.2	167.2	139.4	119.5	102.0	89.83	82.69	79.32	76.22	72.55	68.91	64.23	56.98	49.31	41.87	36.56	34.08	37.24	37.19	23.97	15.22	12.45	10.84	10.19	9.676	9.781	10.27	11.51	34.57	170.6	508.3	621.6	124.9	10.46	3.276	3.255	3.240	3.360	3.341	3.307	2.904	2.788	2.556	2.412	2.398	2.328	2.299	2.360	2.399	2.476	2.436	2.522	2.829	2.664	2.655	2.891	2.831	3.086
475.0	272.3	303.4	565.6	 1073	531.5	361.6	352.0	294.8	230.3	185.1	175.4	182.0	189.5	201.2	207.8	208.3	210.4	204.4	191.4	170.9	142.3	118.8	102.0	87.70	77.76	72.63	70.41	67.68	64.61	62.22	57.04	52.18	45.34	38.99	33.65	29.23	26.76	29.93	31.05	19.62	12.65	10.65	9.723	9.494	9.237	8.948	7.897	12.15	41.35	116.9	262.3	659.6	197.1	11.23	3.143	3.001	3.143	3.104	2.989	2.980	2.611	2.377	2.278	2.286	2.239	2.291	2.200	2.270	2.351	2.291	2.385	2.608	2.422	2.525	2.514	2.789	2.879
480.0	251.1	255.3	336.3	942.1	709.1	341.6	320.0	270.8	206.6	169.5	160.9	162.7	171.5	179.3	183.2	188.9	186.0	181.8	170.8	151.0	124.4	103.3	89.92	78.25	69.69	65.06	63.06	61.56	58.51	60.08	52.11	48.01	42.01	36.62	31.36	27.03	22.96	22.60	29.45	25.13	14.45	10.76	9.840	9.210	9.251	8.730	7.291	7.175	12.59	28.88	64.00	344.0	668.4	157.0	5.381	2.993	3.138	3.061	2.918	2.719	2.478	2.339	2.129	2.054	2.028	2.180	2.144	2.218	2.281	2.134	2.241	2.621	2.387	2.389	2.593	2.603	2.667
485.0	248.9	234.2	248.5	620.2	992.3	366.6	292.7	246.6	193.6	153.6	146.7	151.1	159.0	163.0	162.5	167.3	166.1	161.6	151.2	133.1	109.6	90.84	80.26	71.38	64.34	59.88	57.27	54.99	54.73	52.97	48.55	44.30	38.21	34.85	29.27	25.12	21.16	18.87	23.17	27.82	18.75	11.71	9.684	9.225	8.944	8.505	7.116	5.663	5.887	9.144	16.69	89.41	470.7	610.5	29.13	3.570	3.028	2.829	2.763	2.539	2.470	2.368	2.129	1.964	1.999	2.067	2.021	2.167	2.120	2.020	2.194	2.458	2.352	2.435	2.442	2.534	2.517
490.0	216.7	227.0	216.7	337.3	845.5	573.9	272.2	216.4	169.8	139.7	129.9	132.5	139.4	142.3	144.4	144.4	143.2	139.9	128.8	113.2	95.02	78.58	69.31	61.40	55.54	52.22	50.89	49.39	48.16	46.55	43.82	39.62	34.89	31.13	26.56	22.68	19.49	16.76	16.65	21.34	22.97	15.62	9.986	8.869	8.775	8.215	6.792	5.429	4.455	4.646	5.969	22.23	121.1	374.8	509.1	128.1	9.930	2.848	2.625	2.415	2.285	2.252	2.141	1.999	1.980	1.885	1.898	2.071	1.940	2.020	2.009	2.201	2.227	2.179	2.218	2.375	2.349
495.0	196.5	205.2	189.2	228.7	434.1	755.0	394.1	188.3	148.6	122.9	116.2	115.1	118.6	121.6	121.7	121.4	121.5	116.0	105.3	94.49	80.57	67.07	58.04	51.06	47.10	46.34	43.33	42.13	41.25	41.19	38.44	34.57	30.94	27.00	23.15	20.37	17.51	14.85	13.69	14.41	19.27	19.97	12.71	8.738	7.939	7.535	6.369	5.243	4.221	3.490	3.506	7.102	29.26	86.93	239.4	592.2	201.0	9.075	2.609	2.230	2.193	2.171	2.004	1.927	1.981	1.862	1.793	2.010	1.942	1.974	1.831	1.974	2.046	2.092	1.865	2.094	2.190
500.0	177.3	187.0	181.0	182.4	252.4	634.5	668.5	172.6	134.1	109.8	103.3	102.3	104.8	109.3	107.4	106.2	104.9	101.0	92.02	81.00	69.56	57.26	50.55	46.38	41.67	39.78	38.92	38.35	37.23	36.11	34.98	31.13	27.12	24.21	21.54	19.21	16.19	13.91	12.74	11.97	13.84	19.27	16.24	9.632	7.500	7.003	6.069	5.083	4.185	3.245	2.978	3.749	8.640	21.76	59.26	315.8	611.4	34.04	4.667	2.233	2.251	2.174	1.997	1.945	1.882	1.962	1.937	1.906	2.077	1.821	1.780	1.826	2.007	2.126	1.927	2.021	2.176
505.0	162.5	173.8	176.7	160.1	180.1	406.8	912.9	221.9	118.3	99.35	90.80	91.66	93.24	96.98	97.44	95.93	91.55	88.89	80.51	71.34	60.22	51.11	45.57	40.22	38.30	35.72	34.86	34.40	33.59	32.94	31.12	28.25	25.56	22.12	19.81	17.61	15.26	12.69	11.36	10.74	10.67	14.40	17.66	11.94	7.742	6.448	5.739	5.166	4.098	3.157	2.920	2.887	3.896	6.803	15.56	82.12	418.6	511.3	30.65	2.726	2.237	1.942	1.829	1.949	1.779	1.864	1.863	1.822	1.737	1.839	1.766	1.918	1.703	1.923	1.903	1.929	2.018
510.0	152.2	143.5	160.3	153.2	151.0	209.2	765.0	472.9	124.7	85.99	81.03	79.01	80.87	82.07	81.34	80.06	78.03	74.86	67.87	59.90	50.57	42.98	38.38	34.79	32.40	30.40	29.70	29.40	28.72	27.94	26.44	24.23	21.62	19.23	17.19	15.09	13.10	11.54	10.34	9.593	8.984	9.699	13.14	14.22	9.618	6.365	5.237	4.549	3.721	3.069	2.890	2.715	2.901	3.519	5.418	20.47	107.8	316.2	335.5	127.4	9.070	2.007	1.882	1.751	1.748	1.661	1.692	1.739	1.699	1.845	1.778	1.855	1.824	1.849	1.869	1.897	2.025
515.0	140.0	126.8	130.3	146.2	129.0	134.3	349.5	665.4	265.9	76.40	70.05	68.33	70.91	67.91	69.29	66.98	63.92	61.25	56.38	49.85	41.69	36.43	31.50	29.07	26.98	25.43	24.63	24.75	24.15	23.50	22.78	20.38	18.96	16.81	14.81	13.19	11.34	10.30	9.370	8.725	7.735	7.437	8.655	11.96	12.55	8.084	5.054	4.230	3.293	2.920	2.593	2.815	2.705	2.618	3.036	6.436	25.83	73.13	158.0	450.8	185.5	7.505	1.695	1.701	1.687	1.625	1.798	1.575	1.830	1.809	1.788	1.695	1.712	1.666	1.773	1.827	1.979
520.0	137.9	113.7	113.5	128.1	118.4	113.4	164.4	521.4	500.4	82.06	62.33	62.99	63.53	61.76	59.81	58.37	56.40	52.21	47.74	42.03	36.52	30.92	28.35	25.57	24.14	22.19	21.98	22.22	21.97	21.42	20.68	18.61	17.18	15.38	13.29	11.99	10.45	9.441	8.646	7.909	7.414	6.869	6.602	8.648	12.26	9.733	5.548	4.044	3.163	2.819	2.550	2.624	2.701	2.479	2.322	3.186	7.484	18.22	39.16	233.2	450.2	34.26	3.399	1.814	1.653	1.762	1.681	1.553	1.627	1.728	1.692	1.656	1.611	1.658	1.737	1.735	1.937
525.0	124.6	103.6	101.8	117.1	120.1	101.7	108.5	287.4	661.9	167.3	56.06	55.54	56.92	54.00	53.15	50.44	50.07	47.16	43.06	36.78	32.29	27.33	24.66	22.83	21.30	20.35	19.65	19.15	19.99	18.48	18.13	16.80	15.69	13.88	12.27	10.83	9.621	9.127	7.880	7.234	6.814	6.320	6.218	6.846	9.348	11.18	6.955	4.341	3.117	2.774	2.619	2.428	2.599	2.456	2.115	2.365	3.515	5.882	10.67	60.03	289.8	367.1	29.16	2.329	1.704	1.638	1.769	1.565	1.731	1.706	1.667	1.627	1.731	1.776	1.729	1.633	1.780
530.0	117.1	102.6	91.44	98.19	107.9	92.11	81.31	126.8	475.2	421.8	85.93	48.18	49.52	48.22	45.57	43.12	41.73	39.08	36.49	31.38	27.35	23.60	21.27	20.26	18.22	17.40	16.90	16.72	17.14	16.55	15.32	14.64	13.22	11.90	10.49	9.345	8.572	7.988	7.466	6.724	6.241	5.808	5.411	5.494	6.378	9.036	8.592	5.537	3.341	2.719	2.445	2.397	2.381	2.424	2.244	2.207	2.635	2.916	4.054	15.05	73.63	221.1	269.6	112.8	7.483	1.698	1.684	1.555	1.657	1.645	1.634	1.563	1.573	1.735	1.741	1.624	1.788
535.0	104.2	89.86	86.22	82.23	90.93	93.33	66.29	73.47	189.1	552.8	241.6	46.79	41.21	42.36	38.64	35.69	35.28	31.63	29.49	26.48	23.02	20.10	17.86	17.10	15.76	15.49	14.18	13.88	14.26	13.98	13.15	12.89	11.72	10.72	9.434	8.456	7.775	7.261	6.589	6.056	5.632	5.270	4.725	4.883	4.871	5.837	7.795	7.393	4.300	2.678	2.290	2.134	2.350	2.279	2.225	2.332	2.286	2.149	2.488	4.984	18.11	51.41	112.7	318.9	149.5	6.238	1.696	1.542	1.521	1.496	1.643	1.575	1.645	1.543	1.663	1.586	1.793
540.0	100.7	83.18	78.50	67.81	80.43	88.05	64.58	60.11	83.07	393.6	487.1	67.14	38.06	36.55	34.73	32.24	31.79	28.74	26.44	23.15	20.28	18.31	16.40	15.11	13.96	13.87	12.66	12.94	12.91	12.85	12.08	11.61	10.33	9.448	8.777	7.474	7.036	6.594	5.861	5.649	5.128	5.050	4.378	4.349	4.304	4.635	5.418	7.884	5.668	2.943	2.278	2.431	2.368	2.216	2.212	2.437	2.362	2.103	2.098	2.711	5.557	13.00	27.92	157.4	324.3	33.87	3.105	1.596	1.553	1.606	1.518	1.543	1.508	1.652	1.664	1.691	1.650
545.0	106.5	84.14	74.71	66.46	65.06	78.59	71.44	53.57	50.10	197.7	557.3	174.1	35.58	33.49	32.72	29.29	29.13	25.01	23.61	21.35	18.34	16.04	14.59	13.60	13.27	11.72	11.45	11.67	11.54	11.15	11.24	10.55	9.645	8.383	7.854	6.986	6.912	6.459	5.390	5.052	4.868	4.533	4.193	4.024	3.776	3.992	4.024	6.498	6.468	3.657	2.345	2.351	2.257	2.148	2.237	2.192	2.331	2.108	1.875	2.085	2.786	4.385	7.810	40.31	199.9	259.2	28.14	1.953	1.691	1.646	1.505	1.613	1.399	1.548	1.491	1.737	1.624
550.0	100.1	81.70	68.78	63.44	58.15	62.53	68.57	49.67	41.49	77.61	342.0	413.3	72.85	30.03	27.87	25.95	25.55	22.63	20.42	17.71	15.63	14.00	12.85	11.97	11.30	10.07	10.16	10.30	10.23	9.912	9.719	9.133	8.418	7.572	6.978	6.286	6.045	5.372	4.764	4.649	4.204	4.247	3.783	3.590	3.625	3.631	3.267	4.265	5.640	5.048	3.246	2.292	2.197	2.026	2.090	2.112	2.188	2.126	2.001	1.958	2.056	2.381	3.212	10.38	50.31	151.1	208.3	89.92	6.671	1.685	1.432	1.517	1.540	1.559	1.454	1.651	1.678
555.0	100.6	75.32	65.53	53.53	52.73	48.80	54.65	49.03	36.84	43.73	127.1	399.2	197.6	27.70	24.22	22.70	21.58	19.97	17.51	14.86	13.16	11.98	11.12	10.36	9.737	9.036	9.112	8.983	8.740	8.470	8.192	8.206	7.421	6.605	5.980	5.395	5.371	4.895	4.316	4.064	3.676	3.701	3.661	3.344	3.270	3.369	2.996	3.056	3.596	4.800	4.394	2.942	2.102	1.947	2.043	1.868	1.993	2.045	1.989	1.898	1.811	1.697	2.059	3.735	12.50	35.30	79.13	222.5	112.0	5.227	1.581	1.492	1.454	1.499	1.523	1.686	1.516
560.0	99.46	77.12	59.35	54.18	46.96	41.18	47.71	56.19	33.74	33.80	56.31	254.0	406.0	55.35	21.05	20.60	18.57	16.96	16.02	13.08	11.81	11.09	9.346	9.604	8.115	8.105	8.044	7.721	7.771	7.557	7.534	7.064	6.255	5.758	5.336	4.952	4.931	4.306	4.005	3.914	3.570	3.391	3.392	3.080	2.940	2.866	2.655	2.692	2.631	3.845	4.563	3.631	2.097	1.899	1.871	1.801	2.026	1.902	1.957	1.962	1.728	1.758	1.837	2.334	4.137	9.208	19.62	104.2	222.6	33.03	2.649	1.463	1.583	1.487	1.497	1.650	1.506
565.0	100.7	71.22	57.27	55.21	43.38	37.19	43.35	52.98	36.79	30.74	36.49	119.6	403.8	154.2	20.04	18.17	16.78	15.49	12.64	11.82	10.37	9.445	8.557	8.521	7.492	7.652	7.041	6.949	6.887	6.766	6.756	6.085	5.781	5.152	4.839	4.339	4.253	3.954	3.596	3.598	3.493	3.108	3.209	2.874	2.887	2.854	2.532	2.597	2.386	2.723	3.908	3.945	2.567	2.030	1.804	1.813	1.855	1.804	1.828	1.942	1.725	1.825	1.714	2.056	2.145	3.358	5.762	26.61	128.8	181.0	25.70	1.899	1.681	1.537	1.587	1.466	1.505
570.0	96.81	69.58	54.86	48.80	41.48	35.14	35.45	43.57	43.96	31.47	30.43	49.78	221.6	326.2	64.73	15.54	14.00	12.79	11.02	10.11	8.837	7.999	7.646	7.408	6.712	6.449	6.211	5.993	6.024	5.942	5.744	5.417	4.907	4.520	4.202	3.849	3.691	3.594	3.271	3.363	3.127	2.892	2.882	2.571	2.578	2.477	2.222	2.164	2.086	2.083	2.544	3.402	3.100	2.447	1.807	1.745	1.753	1.771	1.750	1.880	1.889	1.806	1.635	1.808	1.741	2.019	2.614	7.245	32.47	95.61	129.7	57.10	4.819	1.598	1.479	1.545	1.539
575.0	86.83	69.01	52.47	40.90	37.21	32.18	31.17	32.62	44.98	35.25	29.45	31.14	76.64	258.4	231.7	15.99	11.77	11.15	9.543	8.630	7.609	7.008	6.377	6.298	5.769	5.541	5.176	5.192	5.144	4.888	4.897	4.541	4.244	4.102	3.619	3.503	3.274	3.054	2.883	2.807	2.650	2.735	2.523	2.385	2.120	2.073	2.112	2.053	1.867	1.644	1.811	2.300	2.880	2.805	1.991	1.705	1.705	1.746	1.870	1.813	1.655	1.913	1.586	1.719	1.630	1.639	1.830	2.904	8.484	22.63	46.63	125.6	35.38	4.170	1.449	1.646	1.631
580.0	89.32	69.68	51.05	40.71	35.15	30.83	28.70	28.59	42.70	42.16	30.37	28.33	33.97	148.7	626.2	52.41	11.79	10.06	8.657	7.599	6.740	6.351	5.905	5.825	5.370	4.852	4.850	4.567	4.471	4.744	4.444	4.039	3.728	3.774	3.410	3.070	2.843	2.620	2.607	2.404	2.558	2.442	2.279	2.101	2.005	1.994	1.913	1.955	1.774	1.530	1.564	1.887	2.361	3.040	2.275	1.709	1.614	1.663	1.728	1.685	1.659	1.754	1.781	1.752	1.628	1.659	1.638	1.837	3.157	6.288	11.93	55.82	115.8	29.27	2.214	1.647	1.560
585.0	86.58	67.49	49.34	38.09	34.26	30.60	28.85	28.89	38.30	45.30	33.76	28.01	25.73	68.65	 4598	125.9	11.31	9.278	8.052	6.780	5.886	6.011	5.085	5.098	4.893	4.628	4.296	4.411	4.095	4.174	3.822	3.738	3.646	3.355	3.197	2.933	2.767	2.612	2.537	2.223	2.459	2.425	2.211	2.091	1.990	1.930	1.848	1.846	1.595	1.514	1.426	1.570	1.895	2.642	2.429	1.989	1.689	1.715	1.726	1.687	1.611	1.611	1.753	1.706	1.655	1.678	1.552	1.604	1.912	2.558	3.827	14.54	67.19	100.7	20.72	1.867	1.531
590.0	86.33	66.59	52.46	41.33	35.13	31.79	29.43	30.51	36.12	49.55	45.69	32.86	27.57	33.69	 1293	260.6	57.27	9.232	7.219	6.342	5.478	5.258	4.892	4.581	4.313	4.113	4.100	3.838	3.734	3.675	3.572	3.283	3.236	3.076	2.794	2.644	2.629	2.545	2.309	2.268	2.249	2.058	2.158	2.022	1.900	1.891	1.662	1.682	1.582	1.470	1.361	1.540	1.650	1.967	2.424	2.225	1.859	1.588	1.572	1.594	1.641	1.624	1.597	1.639	1.739	1.593	1.559	1.660	1.677	1.742	2.050	4.384	17.31	51.51	77.32	23.56	3.630
595.0	91.74	66.59	56.36	44.52	38.55	33.04	35.52	39.01	45.03	55.23	66.98	52.74	41.81	35.72	315.3	189.5	211.6	16.07	6.738	5.836	5.380	4.936	4.550	4.149	3.940	3.560	3.463	3.275	3.325	3.426	3.176	3.091	2.805	2.830	2.568	2.485	2.307	2.424	2.140	2.266	2.010	2.083	2.007	1.928	1.843	1.713	1.534	1.614	1.527	1.422	1.351	1.463	1.578	1.577	1.953	2.239	2.081	1.836	1.672	1.608	1.713	1.730	1.646	1.717	1.767	1.713	1.729	1.550	1.599	1.644	1.731	2.382	5.133	12.89	27.26	67.44	31.94
600.0	94.12	78.40	62.99	50.34	45.33	41.30	45.15	53.96	62.96	75.80	97.27	89.59	72.09	61.11	113.9	120.4	293.1	63.70	8.256	5.635	5.177	4.324	3.911	3.634	4.014	3.264	3.265	3.113	3.256	3.080	3.160	2.813	2.794	2.766	2.543	2.425	2.307	2.121	2.172	2.167	1.951	1.980	1.893	1.841	1.816	1.706	1.585	1.583	1.544	1.326	1.350	1.468	1.452	1.477	1.673	2.010	2.168	2.033	1.808	1.868	1.730	1.769	1.657	1.700	1.826	1.959	1.879	1.707	1.818	1.877	1.736	1.930	2.421	4.323	7.590	30.15	67.77
605.0	104.1	89.91	67.10	54.92	51.58	53.10	59.86	82.47	98.71	127.5	152.8	166.8	140.9	113.3	112.8	107.9	272.4	192.2	13.36	5.669	4.811	4.220	3.899	3.544	3.764	3.398	3.118	3.061	3.009	3.089	3.007	2.964	2.654	2.520	2.416	2.273	2.217	2.047	2.020	2.049	1.934	1.862	1.852	1.677	1.711	1.810	1.595	1.633	1.593	1.319	1.125	1.395	1.493	1.436	1.596	1.741	2.218	2.099	2.006	1.765	1.999	1.830	1.987	2.033	2.103	2.268	2.241	2.155	2.164	2.194	1.843	2.138	2.226	2.588	3.220	8.851	37.82
610.0	123.5	109.9	82.41	65.44	59.19	65.69	82.85	110.6	139.5	182.7	217.2	242.0	217.4	171.3	157.2	132.4	204.6	294.1	57.42	6.392	4.442	4.226	3.639	3.457	3.332	3.066	3.111	3.013	2.988	2.934	2.809	2.695	2.435	2.571	2.300	2.193	2.018	2.033	1.994	1.923	2.025	1.849	1.924	1.722	1.762	1.731	1.574	1.668	1.562	1.379	1.217	1.421	1.393	1.481	1.513	1.612	1.962	2.115	2.050	2.096	2.129	2.131	2.262	2.357	2.511	2.506	2.409	2.696	2.467	2.454	2.363	2.339	2.385	2.341	2.430	3.521	10.73
615.0	127.5	121.0	89.83	73.15	60.05	71.63	96.34	118.9	142.7	195.9	220.8	245.5	236.1	187.6	164.0	136.2	149.5	213.7	186.5	11.41	4.482	3.779	3.486	3.257	3.322	2.870	2.828	2.890	2.609	2.785	2.520	2.590	2.380	2.230	2.268	1.988	2.108	2.080	2.064	1.782	1.905	2.029	1.864	1.742	1.693	1.665	1.556	1.630	1.465	1.407	1.224	1.414	1.354	1.390	1.493	1.573	1.880	2.027	2.199	2.025	2.055	2.098	2.214	2.383	2.337	2.657	2.509	2.660	2.659	2.505	2.565	2.460	2.400	2.484	2.282	2.314	4.266
620.0	135.0	121.3	94.70	72.50	65.27	77.29	96.04	119.4	148.4	183.0	216.4	242.5	234.2	192.3	169.9	134.0	134.6	144.0	227.0	50.07	4.648	3.639	3.237	3.289	2.985	2.840	2.703	2.724	2.580	2.585	2.553	2.460	2.240	2.118	2.147	1.924	2.080	2.013	1.987	2.270	1.743	1.872	1.771	1.731	1.586	1.588	1.550	1.602	1.416	1.421	1.131	1.370	1.472	1.483	1.510	1.561	1.742	1.873	2.043	2.202	1.954	2.068	2.143	2.390	2.226	2.489	2.301	2.594	2.579	2.435	2.731	2.439	2.457	2.485	2.169	2.312	2.722
625.0	138.7	131.0	99.04	76.52	64.77	73.31	97.98	117.1	141.4	182.5	217.3	238.6	235.1	199.7	172.6	135.7	127.3	107.6	164.6	133.4	5.551	3.873	3.717	3.281	2.908	2.722	2.770	2.783	2.584	2.569	2.540	2.415	2.419	2.039	1.967	2.016	2.037	1.918	1.915	2.065	1.783	1.760	1.792	1.791	1.655	1.629	1.551	1.544	1.416	1.377	1.213	1.420	1.494	1.446	1.510	1.481	1.709	1.762	2.067	1.954	2.111	2.121	2.215	2.313	2.289	2.514	2.594	2.666	2.704	2.601	2.785	2.281	2.279	2.194	2.233	2.323	2.292
630.0	146.8	136.2	106.5	81.55	68.88	76.89	93.85	115.9	141.4	181.0	214.9	236.6	234.4	208.3	178.1	139.5	128.6	93.06	76.08	177.8	42.75	3.920	3.342	3.077	2.913	2.790	2.608	2.689	2.514	2.595	2.520	2.334	2.259	2.055	1.950	1.956	1.938	1.792	1.890	1.925	1.843	1.805	1.693	1.667	1.672	1.666	1.545	1.611	1.428	1.393	1.221	1.419	1.411	1.432	1.504	1.508	1.810	1.766	1.996	1.955	2.182	2.101	2.128	2.209	2.331	2.483	2.484	2.714	2.644	2.518	2.649	2.436	2.330	2.284	2.280	2.274	2.207
635.0	146.5	146.3	114.0	84.03	72.07	78.81	95.24	115.0	143.2	178.8	213.3	241.4	232.4	208.4	184.6	139.8	130.0	88.83	36.32	94.97	148.6	8.210	3.116	3.270	3.019	2.967	2.624	2.593	2.461	2.342	2.470	2.397	2.088	2.005	1.876	1.881	1.780	1.760	1.691	1.780	1.771	1.676	1.720	1.616	1.741	1.745	1.670	1.567	1.386	1.306	1.227	1.393	1.385	1.391	1.439	1.526	1.577	1.635	2.035	2.058	2.309	2.251	2.116	2.250	2.439	2.520	2.515	2.535	2.646	2.518	2.527	2.348	2.378	2.494	2.344	2.145	2.139
640.0	156.5	151.3	118.7	89.15	75.63	82.25	94.20	110.8	136.9	173.3	198.8	232.9	224.5	204.5	182.0	137.9	124.6	86.57	26.19	42.01	173.5	41.33	3.735	3.074	2.751	2.705	2.524	2.587	2.468	2.448	2.377	2.400	1.942	1.997	1.907	1.792	1.826	1.698	1.614	1.673	1.624	1.796	1.748	1.604	1.685	1.627	1.601	1.654	1.516	1.197	1.228	1.471	1.335	1.438	1.474	1.505	1.620	1.653	1.890	1.916	2.235	2.165	2.121	2.248	2.406	2.376	2.549	2.467	2.547	2.498	2.491	2.368	2.357	2.540	2.197	2.154	2.203
645.0	173.3	156.6	128.7	90.73	71.86	77.70	90.58	107.0	127.9	157.1	190.3	213.5	215.8	191.8	174.2	131.7	117.7	81.62	23.79	19.16	115.3	113.2	4.431	3.024	2.582	2.859	2.594	2.451	2.601	2.201	2.207	2.216	2.065	1.853	1.873	1.684	1.831	1.714	1.608	1.726	1.713	1.633	1.825	1.607	1.668	1.639	1.591	1.700	1.609	1.361	1.201	1.407	1.377	1.348	1.478	1.480	1.649	1.714	1.742	1.691	1.897	2.031	2.343	2.212	2.330	2.245	2.376	2.486	2.511	2.426	2.576	2.173	2.314	2.388	2.259	2.167	2.111
650.0	170.3	164.9	133.8	96.07	72.36	72.88	84.36	104.2	116.6	148.3	175.8	199.9	202.7	178.2	167.6	126.8	109.4	76.05	23.46	11.72	53.89	157.7	18.32	3.137	2.747	2.691	2.466	2.284	2.472	2.394	2.266	2.303	2.077	1.919	1.800	1.792	1.669	1.813	1.664	1.751	1.844	1.636	1.642	1.676	1.621	1.695	1.611	1.612	1.672	1.257	1.275	1.390	1.452	1.412	1.449	1.619	1.605	1.589	1.794	1.738	1.770	2.034	2.294	2.188	2.156	2.122	2.191	2.464	2.424	2.340	2.389	2.183	2.311	2.300	2.176	2.122	2.061
