Sample:	'1
File name:	W102102–§’Ú«≈3±∂.FD3
Run date:	'09:56:49, 10/22/2024
Operator:	horiz
Comment:	'

Instrument
Model:	F-2700 FL Spectrophotometer
Serial number:	23B8-004
ROM Version:	4J14000 07

Instrument parameters
Measurement type:	3-D scan
Data mode:	Fluorescence
EX  Start WL:	220.0 nm
EX  End WL:	600.0 nm
EX Sampling interval:	5.0 nm
EM  Start WL:	230.0 nm
EM  End WL:	650.0 nm
EM Sampling interval:	5.0 nm
Scan speed:	12000 nm/min
EX Slit:	5.0 nm
EM Slit:	5.0 nm
PMT Voltage:	700 V
Response:	Auto 
Corrected spectra:	Off
Contour interval:	50.000

Peak integration
Integration method:	Rectangular
Sensitivity:	1
Threshold:	1.000

Peaks
No.	ApexEX/EM(nm)	Height(Data)
1	225.0/615.0	36.81
2	230.0/345.0	2633
3	230.0/610.0	42.29
4	230.0/625.0	35.32
5	240.0/265.0	391.7
6	245.0/270.0	399.5
7	250.0/275.0	513.7
8	255.0/285.0	548.1
9	255.0/560.0	204.1
10	260.0/290.0	619.1
11	260.0/575.0	149.0
12	265.0/295.0	901.4
13	265.0/585.0	131.0
14	270.0/600.0	128.9
15	275.0/310.0	1887
16	275.0/335.0	1823
17	275.0/415.0	4574
18	275.0/430.0	4354
19	275.0/615.0	131.6
20	280.0/315.0	1861
21	280.0/625.0	112.6
22	285.0/640.0	86.13
23	350.0/415.0	3600
24	460.0/340.0	6.509
25	475.0/345.0	6.231
26	495.0/270.0	1.483
27	505.0/275.0	2.370
28	510.0/280.0	2.644
29	515.0/285.0	2.787
30	550.0/305.0	6.907
31	560.0/310.0	7.469
32	570.0/315.0	7.659
33	575.0/320.0	7.513
34	580.0/415.0	13.37
35	585.0/325.0	7.244

Wavelength data
No.	EX/EM(nm)	Height(Data)	

Data points
	220.0	225.0	230.0	235.0	240.0	245.0	250.0	255.0	260.0	265.0	270.0	275.0	280.0	285.0	290.0	295.0	300.0	305.0	310.0	315.0	320.0	325.0	330.0	335.0	340.0	345.0	350.0	355.0	360.0	365.0	370.0	375.0	380.0	385.0	390.0	395.0	400.0	405.0	410.0	415.0	420.0	425.0	430.0	435.0	440.0	445.0	450.0	455.0	460.0	465.0	470.0	475.0	480.0	485.0	490.0	495.0	500.0	505.0	510.0	515.0	520.0	525.0	530.0	535.0	540.0	545.0	550.0	555.0	560.0	565.0	570.0	575.0	580.0	585.0	590.0	595.0	600.0
230.0	6.074	596.8	2030	771.3	29.61	-1.922	-1.589	-1.090	-0.689	-0.272	0.083	0.609	0.808	0.858	0.620	0.598	0.629	0.749	0.729	0.591	0.265	0.382	0.339	0.516	0.459	0.464	0.434	0.361	0.343	0.310	0.251	0.152	0.154	0.027	-0.031	-0.010	-0.045	-0.091	-0.096	-0.134	-0.094	-0.054	0.007	-0.099	-0.137	-0.124	0.319	2.613	5.210	4.039	1.436	0.036	-0.139	-0.150	-0.167	-0.166	-0.187	-0.192	-0.213	-0.209	-0.198	-0.208	-0.216	-0.233	-0.219	-0.213	-0.225	-0.236	-0.225	-0.233	-0.237	-0.240	-0.249	-0.255	-0.244	-0.243	-0.269
235.0	78.63	156.3	1114	2164	620.1	37.82	-0.924	-0.400	-0.331	-0.481	0.214	1.725	1.009	0.885	0.733	0.613	0.737	0.807	1.023	0.637	0.278	0.480	0.435	0.440	0.503	0.385	0.524	0.479	0.351	0.231	0.286	0.183	0.139	-0.008	0.017	0.063	-0.029	-0.070	-0.162	-0.164	-0.099	-0.140	-0.054	0.086	-0.013	-0.070	0.007	0.549	1.867	3.715	5.585	5.492	2.328	0.222	-0.155	-0.140	-0.181	-0.174	-0.215	-0.192	-0.208	-0.181	-0.206	-0.238	-0.232	-0.214	-0.207	-0.224	-0.230	-0.244	-0.256	-0.258	-0.247	-0.254	-0.253	-0.250	-0.279
240.0	122.5	113.4	317.1	1663	2366	466.4	13.19	0.114	-0.229	0.741	0.896	0.843	0.764	1.346	0.611	0.689	0.631	0.850	0.854	0.511	0.299	0.402	0.482	0.480	0.520	0.344	0.474	0.344	0.248	0.331	0.174	0.185	0.111	0.080	-0.002	-0.028	-0.071	-0.073	-0.037	-0.116	-0.064	-0.116	-0.128	-0.048	0.075	0.163	0.014	0.075	0.329	0.978	3.091	7.037	8.535	5.395	1.590	0.024	-0.193	-0.183	-0.155	-0.221	-0.210	-0.215	-0.217	-0.230	-0.229	-0.207	-0.210	-0.217	-0.240	-0.218	-0.222	-0.251	-0.255	-0.255	-0.235	-0.270	-0.262
245.0	60.73	177.4	125.5	534.1	2346	2403	318.5	4.675	1.383	0.416	0.859	1.452	1.446	1.458	0.742	1.156	0.785	0.783	0.903	0.656	0.468	0.230	0.587	0.763	0.702	0.434	0.606	0.573	0.405	0.262	0.277	0.222	0.105	0.063	-0.056	0.042	-0.049	-0.100	-0.115	-0.100	-0.148	-0.114	-0.094	-0.147	-0.056	0.199	0.289	0.216	0.120	0.146	0.673	2.322	6.339	10.07	10.14	4.649	0.732	-0.099	-0.178	-0.198	-0.217	-0.205	-0.244	-0.202	-0.214	-0.202	-0.226	-0.244	-0.210	-0.245	-0.250	-0.233	-0.224	-0.241	-0.233	-0.271	-0.254
250.0	9.395	120.7	228.6	215.0	745.5	2250	2838	965.1	43.90	2.151	2.148	2.565	1.744	1.424	1.231	1.143	1.011	0.970	1.117	0.612	0.534	0.374	0.531	0.627	0.726	0.731	0.620	0.592	0.361	0.371	0.296	0.243	0.156	0.043	0.040	0.011	-0.055	-0.094	-0.082	-0.113	-0.153	-0.109	-0.125	-0.153	-0.104	-0.060	0.094	0.348	0.510	0.514	0.308	0.480	1.425	3.197	6.568	9.825	11.40	9.490	4.404	0.761	-0.155	-0.189	-0.203	-0.185	-0.212	-0.217	-0.215	-0.218	-0.218	-0.243	-0.238	-0.234	-0.229	-0.251	-0.236	-0.246	-0.262
255.0	-7.388	26.11	165.4	323.3	259.0	569.7	2236	4369	354.4	36.36	3.731	2.818	2.622	1.810	1.482	1.217	1.069	1.359	1.237	1.029	0.417	0.532	0.502	0.682	0.722	0.642	0.563	0.686	0.353	0.477	0.346	0.224	0.218	0.124	0.093	0.035	-0.057	-0.036	-0.061	-0.104	-0.117	-0.078	-0.128	-0.096	-0.108	-0.153	-0.108	0.020	0.161	0.574	0.930	0.693	0.439	0.649	1.415	2.306	4.625	11.68	18.07	16.06	5.901	0.807	-0.120	-0.155	-0.183	-0.208	-0.216	-0.235	-0.207	-0.226	-0.232	-0.238	-0.240	-0.218	-0.228	-0.245	-0.245
260.0	-2.423	1.576	53.83	282.6	319.6	180.5	681.2	3816	4231	280.6	15.81	4.307	4.542	1.984	1.729	1.655	1.281	1.439	1.417	1.013	0.578	0.418	0.773	0.643	0.821	0.514	0.527	0.637	0.464	0.434	0.285	0.240	0.262	0.174	0.085	-0.010	-0.106	-0.058	-0.069	-0.107	-0.153	-0.103	-0.145	-0.120	-0.103	-0.139	-0.121	-0.030	-0.046	0.072	0.560	1.365	1.149	0.583	0.277	0.543	1.017	3.091	8.893	18.53	22.85	14.53	4.295	0.259	-0.160	-0.191	-0.194	-0.218	-0.209	-0.234	-0.233	-0.235	-0.254	-0.250	-0.234	-0.243	-0.220
265.0	-5.630	-0.828	14.01	121.3	391.7	237.3	187.5	1314	5074	2389	202.7	7.786	6.109	3.005	2.546	1.736	1.708	1.513	1.671	1.098	0.511	0.691	0.493	0.789	0.826	0.742	0.727	0.469	0.677	0.360	0.282	0.313	0.167	0.098	0.015	0.020	-0.078	-0.049	-0.074	-0.116	-0.156	-0.102	-0.086	-0.088	-0.055	-0.097	-0.085	-0.072	-0.108	-0.062	0.107	0.461	1.259	1.565	0.791	0.191	0.207	0.636	1.998	5.686	14.96	24.84	24.48	11.58	2.142	0.004	-0.169	-0.216	-0.217	-0.225	-0.211	-0.208	-0.229	-0.230	-0.233	-0.238	-0.213
270.0	6.978	8.410	11.30	38.93	182.3	399.5	269.6	342.9	1682	4259	4306	794.5	35.93	5.642	3.759	2.788	2.061	2.079	1.880	1.212	0.782	0.631	0.713	0.972	0.748	0.780	0.648	0.565	0.643	0.484	0.526	0.351	0.242	0.179	0.106	0.082	-0.010	-0.042	-0.047	-0.053	-0.093	-0.053	-0.098	-0.102	-0.069	-0.058	-0.089	-0.096	-0.060	-0.058	-0.026	0.034	0.304	0.820	1.323	1.483	0.980	0.388	0.453	1.254	3.424	7.607	14.23	21.65	27.05	19.73	9.999	1.821	-0.048	-0.163	-0.148	-0.222	-0.223	-0.230	-0.215	-0.232	-0.239
275.0	51.19	48.30	48.73	33.28	64.25	190.8	513.7	305.1	425.1	1120	4403	7515	1071	27.03	6.025	4.289	3.672	3.550	2.355	1.595	1.032	0.810	0.865	0.968	1.042	0.681	0.592	0.621	0.542	0.425	0.634	0.319	0.344	0.197	0.167	0.186	0.061	0.041	0.032	0.004	-0.062	-0.031	-0.079	-0.071	-0.007	-0.023	0.034	0.072	0.025	-0.035	-0.018	-0.048	0.048	0.156	0.352	0.858	1.883	2.370	1.277	0.448	0.810	1.695	3.193	4.997	9.251	20.48	35.30	28.04	12.72	1.600	-0.115	-0.172	-0.204	-0.204	-0.220	-0.200	-0.253
280.0	90.47	107.5	94.86	61.53	50.60	90.14	355.1	474.2	237.6	316.2	1374	7590	7413	162.9	13.85	6.100	5.174	4.579	2.648	1.992	1.324	0.929	0.804	1.092	1.081	0.761	0.827	0.550	0.776	0.541	0.650	0.241	0.233	0.248	0.245	0.161	0.099	0.021	0.086	0.113	-0.023	-0.004	0.042	0.042	0.114	0.121	0.111	0.132	0.149	0.040	0.063	0.017	0.000	0.009	0.111	0.270	0.706	1.872	2.644	1.788	0.811	0.491	0.874	1.244	2.288	5.227	14.33	29.08	38.53	25.11	7.801	0.600	-0.109	-0.157	-0.201	-0.176	-0.219
285.0	150.6	179.2	166.0	104.8	62.22	71.56	166.1	548.1	381.1	205.4	433.6	2774	9843	5863	111.2	9.332	6.178	5.316	3.538	2.112	1.303	1.089	1.110	1.222	1.155	0.781	0.783	0.875	0.956	0.702	0.519	0.371	0.323	0.236	0.263	0.282	0.205	0.160	0.151	0.161	0.048	0.128	0.131	0.105	0.224	0.244	0.257	0.383	0.324	0.227	0.207	0.101	0.021	0.061	0.074	0.186	0.233	0.684	1.612	2.787	2.531	1.054	0.519	0.542	0.808	1.511	3.434	8.136	19.65	35.53	33.24	19.90	4.307	0.165	-0.138	-0.147	-0.199
290.0	261.1	316.5	292.9	178.8	103.3	92.98	125.6	283.8	619.1	557.7	393.2	887.3	3338	7533	6254	462.0	23.88	8.762	5.258	2.997	1.649	1.418	1.323	1.392	1.133	0.966	0.924	0.893	1.003	0.682	0.523	0.535	0.372	0.361	0.417	0.371	0.316	0.271	0.271	0.196	0.146	0.255	0.252	0.213	0.336	0.507	0.548	0.761	0.629	0.440	0.344	0.249	0.201	0.109	0.162	0.203	0.276	0.408	0.682	1.189	2.095	2.434	2.710	1.945	1.196	1.254	1.625	2.659	5.154	10.14	16.49	26.14	28.59	28.29	13.48	3.917	0.185
295.0	347.5	451.6	431.0	260.3	158.8	135.9	164.1	235.2	413.5	901.4	871.0	650.1	1108	2033	6339	7387	676.5	24.23	8.833	4.635	1.924	1.912	1.545	1.395	1.531	1.114	0.992	0.890	0.866	0.756	0.602	0.517	0.519	0.478	0.483	0.538	0.525	0.398	0.284	0.251	0.145	0.240	0.319	0.333	0.543	0.746	0.799	1.120	0.871	0.764	0.492	0.410	0.432	0.249	0.266	0.369	0.391	0.441	0.591	0.777	1.062	1.479	2.497	3.991	4.127	2.877	1.945	2.065	2.581	3.555	4.713	6.607	8.308	18.96	35.33	33.66	20.71
300.0	439.9	574.7	536.5	338.8	214.2	191.8	226.8	293.0	415.7	781.6	1353	940.7	777.3	777.9	2000	8943	6548	96.60	15.41	6.553	2.686	2.356	1.957	1.706	1.342	1.369	1.117	0.960	1.040	0.832	0.705	0.571	0.474	0.410	0.548	0.685	0.697	0.429	0.486	0.368	0.265	0.444	0.416	0.523	0.641	0.816	1.089	1.299	1.133	0.858	0.688	0.571	0.599	0.521	0.503	0.527	0.661	0.690	0.934	1.038	1.280	1.557	2.190	2.804	4.572	5.492	4.324	2.972	2.748	2.897	2.621	2.616	2.791	5.120	11.84	25.98	42.43
305.0	526.2	673.6	668.5	437.0	293.8	277.7	348.5	448.1	629.7	911.6	1490	1674	1073	729.8	815.2	3205	9999.9	5627	72.98	9.839	3.776	3.014	2.196	2.266	1.322	1.438	1.340	1.048	1.269	0.860	0.850	0.696	0.505	0.447	0.571	0.727	0.634	0.545	0.475	0.295	0.438	0.508	0.563	0.667	0.812	0.980	1.206	1.559	1.454	1.102	0.955	0.885	0.817	0.833	0.746	0.803	0.930	1.137	1.305	1.806	1.985	2.430	2.880	3.290	4.403	5.583	6.907	6.363	4.775	3.883	3.304	2.694	2.385	2.883	3.845	7.542	17.19
310.0	600.3	772.8	778.0	537.0	396.2	374.9	473.9	618.4	815.6	1094	1462	1887	1723	1033	742.0	1089	3673	9999.9	9999.9	307.6	13.83	4.159	3.363	2.767	2.089	1.893	1.526	1.549	1.246	1.011	0.922	0.665	0.589	0.597	0.735	0.738	0.771	0.668	0.517	0.507	0.585	0.628	0.691	0.866	1.029	1.250	1.612	1.994	1.855	1.374	1.274	1.174	1.037	1.032	1.094	1.266	1.422	1.642	1.821	2.335	2.521	3.081	3.435	4.065	4.890	5.392	6.153	7.050	7.469	7.047	5.380	3.889	3.270	3.126	2.858	3.330	5.309
315.0	686.7	911.4	861.8	627.5	467.1	451.6	563.1	720.5	899.4	1183	1492	1720	1861	1485	892.9	705.0	1215	2639	9999.9	9288	395.0	10.73	4.405	3.708	2.386	2.292	1.809	1.704	1.558	1.032	1.077	0.873	0.625	0.723	0.711	0.688	0.839	0.768	0.669	0.538	0.609	0.830	0.806	0.863	1.163	1.660	1.840	2.264	2.267	1.675	1.365	1.325	1.300	1.306	1.351	1.519	1.821	1.835	2.211	2.524	3.146	3.641	4.008	4.443	5.067	5.902	6.039	6.182	6.870	7.082	7.659	6.832	4.822	4.062	3.162	2.844	3.034
320.0	859.8	1185	1062	747.4	539.4	515.5	627.7	789.9	980.0	1265	1568	1756	1768	1752	1205	725.9	729.7	832.7	3136	9999.9	3786	64.89	7.699	5.035	2.952	2.833	2.079	1.949	1.551	1.109	1.163	1.004	0.804	0.839	0.704	0.835	0.748	0.734	0.765	0.740	0.717	0.788	0.751	1.207	1.335	2.051	2.408	2.612	2.621	2.184	1.725	1.793	1.420	1.509	1.618	1.686	2.053	2.381	2.458	2.897	3.397	3.629	4.186	4.623	5.165	5.962	6.329	6.330	6.765	6.711	6.931	7.513	7.341	6.074	3.983	3.327	2.904
325.0	1010	1497	1443	990.0	658.7	571.4	658.6	825.6	1002	1296	1597	1802	1766	1656	1515	896.5	661.3	463.0	834.7	3804	5403	2833	52.10	7.362	3.883	3.133	2.552	2.236	1.868	1.353	1.271	0.913	0.838	0.738	0.669	0.771	0.734	0.763	0.730	0.693	0.715	0.793	1.074	1.323	1.660	2.549	3.086	3.739	3.354	2.899	2.415	2.317	1.810	1.674	1.730	1.915	2.080	2.528	2.691	2.833	3.269	3.773	4.184	4.732	5.305	6.239	6.474	6.415	6.750	6.461	6.584	6.444	6.827	7.244	5.949	4.287	3.394
330.0	1235	1876	2014	1509	940.4	693.5	716.8	864.2	1044	1310	1601	1812	1785	1600	1433	1170	791.9	451.3	382.4	1001	1841	3842	3424	250.5	16.03	4.675	3.139	2.588	2.115	1.543	1.449	1.035	0.984	0.812	0.818	0.769	0.839	0.770	0.710	0.734	0.839	1.038	1.247	1.585	2.182	3.054	3.843	4.598	4.806	4.065	3.600	3.548	2.774	2.398	2.188	2.107	2.411	2.565	2.805	3.059	3.590	3.901	4.309	5.065	5.508	5.879	6.409	6.495	7.009	6.861	6.617	6.181	6.323	6.125	6.211	6.031	4.999
335.0	1410	2157	2471	1985	1361	930.5	808.9	905.0	1061	1334	1626	1823	1817	1644	1392	1188	1093	620.5	396.3	485.5	621.8	1106	3285	5710	367.5	16.66	4.746	3.322	2.399	1.898	1.585	1.320	1.056	0.961	0.918	0.901	0.954	0.900	0.886	0.839	1.046	1.139	1.401	1.828	2.333	3.302	4.666	5.423	5.968	5.050	4.848	5.123	4.268	3.508	3.076	2.484	2.573	2.828	3.104	3.319	3.412	3.958	4.524	4.746	5.660	5.912	6.271	6.879	7.027	7.011	6.793	6.643	6.578	6.132	5.596	5.369	5.405
340.0	1475	2296	2599	2261	1558	1056	865.3	930.5	1083	1335	1606	1797	1793	1652	1398	1136	1099	836.7	493.5	429.1	408.8	468.1	1131	5360	3333	291.2	9.874	4.479	3.404	2.265	1.696	1.289	1.243	0.971	1.124	0.891	0.914	0.943	0.854	0.888	0.965	1.123	1.545	1.982	2.862	3.740	4.704	5.705	6.509	5.652	5.261	5.802	5.120	4.201	3.514	2.876	2.877	2.911	3.035	3.274	3.405	4.100	4.487	4.985	5.436	5.706	5.857	6.722	6.892	6.891	6.887	6.378	6.435	6.083	5.579	5.172	4.762
345.0	1480	2215	2633	2303	1653	1092	883.7	940.8	1079	1317	1544	1727	1738	1628	1385	1126	990.3	946.0	658.4	472.4	408.3	377.9	500.4	1883	4499	2858	50.12	7.118	3.941	2.641	2.263	1.446	1.204	1.143	1.136	1.066	0.885	0.890	0.760	0.844	0.960	1.155	1.693	1.885	2.592	3.775	4.466	5.743	6.144	5.484	5.500	6.231	4.949	4.298	3.530	2.870	2.657	2.888	3.274	3.452	3.450	4.137	4.613	4.895	5.122	5.902	6.000	6.224	6.755	6.691	7.004	6.518	6.380	5.938	5.694	5.151	4.890
350.0	1415	2102	2499	2247	1710	1167	938.9	972.7	1093	1279	1481	1631	1646	1560	1361	1139	974.7	878.3	841.8	673.6	512.8	440.9	428.7	659.3	1531	3280	2950	221.2	15.91	3.792	2.698	1.948	1.390	1.098	1.069	0.975	0.899	0.867	0.813	0.851	1.037	1.065	1.424	1.825	2.585	3.474	4.186	5.311	5.974	5.498	5.490	6.059	5.250	4.485	3.691	2.987	3.136	2.931	3.274	3.389	3.631	3.931	4.455	4.865	4.963	5.487	5.535	5.726	6.085	6.429	6.424	6.206	6.094	5.780	5.621	5.211	4.970
355.0	1266	1969	2325	2144	1720	1225	1001	1017	1109	1256	1421	1543	1572	1488	1341	1172	1019	899.7	849.2	890.1	714.2	555.6	488.8	450.3	547.8	900.8	2369	3275	356.1	18.01	4.595	2.626	1.835	1.432	1.099	0.954	1.070	0.974	0.802	0.837	0.904	0.937	1.289	1.667	2.469	3.078	3.969	4.916	5.444	5.295	5.271	5.798	5.281	4.773	3.842	3.190	3.313	3.588	3.544	3.633	3.662	4.120	4.395	4.706	4.664	5.530	5.317	5.512	5.712	5.943	5.704	6.158	6.043	5.679	5.794	5.337	5.295
360.0	1155	1802	2206	2060	1682	1258	1053	1052	1142	1271	1410	1501	1503	1448	1334	1186	1061	956.0	891.9	923.6	911.7	699.3	569.7	464.4	395.1	375.2	733.0	2835	3013	296.9	11.61	3.987	2.384	1.758	1.199	1.113	1.028	0.781	0.760	0.844	0.890	0.871	1.333	1.549	2.142	2.867	3.762	4.551	4.971	4.840	4.934	5.557	5.029	4.761	4.041	3.308	3.442	3.574	3.559	3.823	3.993	4.181	4.117	4.863	4.958	5.237	4.886	5.106	5.515	5.759	5.628	5.651	5.479	5.590	5.390	5.321	5.386
365.0	1127	1726	2039	1976	1665	1300	1116	1136	1203	1301	1395	1456	1472	1424	1332	1214	1116	1036	976.8	960.9	1008	900.4	693.4	546.0	437.6	321.3	310.9	929.0	3251	2656	49.28	7.690	3.643	2.395	1.401	1.338	1.078	0.895	0.894	0.817	0.843	0.993	1.208	1.498	2.060	2.741	3.294	4.607	4.671	4.812	4.516	5.245	4.935	4.757	4.178	3.689	3.614	3.670	3.823	4.070	4.307	4.251	4.198	4.972	4.899	5.027	5.078	5.168	5.448	5.236	5.377	5.641	5.462	5.536	5.660	5.578	5.153
370.0	1075	1627	1943	1935	1691	1390	1245	1250	1303	1383	1426	1438	1434	1410	1339	1250	1195	1150	1113	1087	1077	1081	945.2	727.0	575.3	429.5	321.5	387.5	1060	2452	2551	681.4	18.75	4.815	2.508	1.778	1.272	1.088	0.952	0.834	0.980	1.080	1.134	1.430	1.908	2.611	3.076	4.141	4.415	4.452	4.441	5.292	5.221	4.688	4.319	4.059	4.053	4.022	4.081	4.381	4.554	4.653	4.655	5.096	5.001	5.091	5.160	5.133	5.251	5.259	5.562	5.485	5.544	5.507	5.852	5.769	5.315
375.0	1038	1497	1840	1842	1704	1452	1328	1338	1389	1460	1461	1447	1442	1399	1343	1286	1258	1235	1236	1222	1194	1163	1153	995.1	773.9	610.5	460.4	388.8	461.7	726.2	1730	2967	335.1	22.58	5.341	2.953	1.926	1.391	1.155	0.993	1.023	1.079	1.247	1.565	1.918	2.669	2.957	3.978	4.101	4.181	4.357	5.282	4.969	4.854	4.557	4.449	4.558	4.360	4.600	4.566	4.577	4.847	5.371	5.236	5.469	5.414	5.079	5.285	5.096	5.139	5.412	5.245	5.611	5.665	5.498	5.834	5.771
380.0	997.4	1455	1799	1818	1699	1496	1379	1376	1451	1490	1476	1436	1443	1403	1363	1295	1291	1288	1291	1312	1292	1254	1232	1199	979.2	776.5	626.8	485.4	431.0	406.6	613.8	2181	2689	271.3	14.18	5.197	3.035	1.714	1.340	1.135	1.139	1.125	1.377	1.697	2.157	2.791	2.765	3.793	4.052	3.983	4.297	5.227	5.069	4.982	4.638	4.442	4.630	4.631	4.790	4.723	4.912	4.901	5.285	5.246	5.591	4.924	5.228	5.040	5.363	5.306	5.114	5.506	5.915	5.779	5.786	6.057	5.921
385.0	985.4	1428	1724	1804	1716	1559	1450	1449	1499	1527	1506	1476	1491	1446	1411	1334	1316	1336	1358	1392	1394	1375	1336	1330	1217	978.6	815.7	677.2	556.5	441.6	398.1	781.6	2516	2187	42.12	11.11	5.503	2.943	1.924	1.192	1.117	1.367	1.446	1.634	2.127	2.482	2.834	3.514	4.132	3.930	4.138	5.382	4.955	5.179	4.692	4.279	4.996	5.097	4.820	5.283	4.847	5.115	5.522	5.536	5.705	5.259	5.047	5.181	5.021	5.570	5.641	5.597	5.921	5.951	5.931	6.122	6.121
390.0	1038	1442	1739	1834	1802	1685	1616	1621	1675	1712	1716	1673	1679	1660	1578	1464	1404	1423	1464	1521	1563	1583	1577	1557	1529	1399	1191	1022	878.4	713.0	546.6	478.1	879.1	1824	1914	576.9	22.41	8.987	4.041	2.116	1.594	1.382	1.725	1.729	2.035	2.781	2.955	3.755	4.069	3.811	4.248	5.271	5.019	5.458	5.102	4.970	5.394	5.469	5.148	5.799	5.531	5.715	5.912	6.224	5.983	5.785	5.618	5.588	5.684	5.872	6.198	6.357	6.412	6.665	6.425	6.320	6.626
395.0	1128	1542	1765	1917	1943	1864	1833	1892	1991	2122	2205	2108	2203	2154	1982	1738	1580	1547	1604	1694	1789	1883	1933	1969	1956	1933	1805	1585	1393	1184	934.3	691.0	533.6	666.6	1252	2271	282.9	30.54	10.60	4.155	2.594	1.829	2.053	2.185	2.580	2.851	3.277	3.924	4.203	4.161	4.754	5.568	5.518	5.800	5.389	5.333	6.112	6.296	6.258	6.035	6.546	6.442	6.650	7.259	7.072	6.821	7.150	6.779	7.504	7.232	7.717	7.772	7.737	7.322	7.176	7.507	7.740
400.0	1231	1625	1853	2035	2069	2064	2086	2196	2372	2610	2836	2882	2914	2793	2485	2090	1798	1687	1747	1867	2020	2172	2310	2410	2441	2439	2397	2206	1942	1692	1375	1021	713.4	551.4	588.4	1591	1982	252.0	24.66	7.491	3.764	2.684	2.202	2.282	2.772	2.998	3.524	4.209	4.491	4.383	4.758	5.972	6.063	6.202	6.211	6.176	6.715	6.705	6.875	7.242	7.613	7.762	7.830	7.974	8.133	8.367	8.329	8.721	9.150	9.282	9.215	9.357	9.405	9.076	8.546	8.725	8.221
405.0	1289	1686	1952	2160	2256	2313	2360	2534	2815	3212	3551	3722	3736	3518	3073	2508	2038	1854	1892	2046	2246	2467	2689	2874	2963	2995	2985	2856	2568	2233	1854	1418	994.4	707.4	552.3	714.1	1722	1717	191.4	14.02	5.433	3.401	2.723	2.520	2.849	3.241	3.629	4.152	4.831	4.422	4.876	6.269	6.267	6.490	6.597	6.766	7.046	7.348	7.436	7.942	8.184	8.396	8.989	9.275	9.766	10.13	9.971	10.63	10.76	10.79	11.15	11.04	11.60	10.92	10.22	9.900	8.941
410.0	1364	1734	2042	2266	2381	2516	2601	2855	3235	3747	4223	4497	4466	4188	3629	2882	2263	1988	2006	2181	2431	2715	3007	3267	3426	3501	3490	3404	3161	2765	2313	1799	1299	927.1	692.6	572.4	716.7	1317	1499	443.8	17.40	5.214	3.640	3.260	3.499	3.725	3.762	4.413	4.814	4.736	5.106	6.474	6.551	7.027	7.029	7.354	7.887	8.076	8.438	8.565	9.400	9.711	10.20	10.65	11.02	11.67	11.89	11.91	12.24	12.39	12.87	12.84	12.88	12.57	11.59	10.69	10.07
415.0	1373	1739	2045	2238	2364	2525	2686	2904	3258	3804	4316	4574	4550	4278	3692	2927	2261	1977	1980	2153	2407	2713	3025	3306	3495	3597	3600	3494	3305	2973	2472	1940	1422	1032	768.1	576.1	459.2	464.3	859.8	1551	257.4	17.65	5.257	3.895	3.666	4.019	3.915	4.645	4.582	4.740	5.087	6.635	6.386	6.968	7.127	7.286	7.991	7.944	8.369	8.858	9.392	9.931	10.06	11.16	11.08	11.62	11.66	12.40	12.90	13.19	13.19	12.84	13.37	12.37	11.55	10.58	10.09
420.0	1293	1661	1968	2161	2322	2470	2637	2832	3183	3658	4137	4388	4371	4114	3549	2807	2173	1881	1892	2058	2303	2600	2912	3187	3386	3494	3502	3396	3215	2938	2502	1945	1442	1051	793.9	586.2	408.5	278.1	301.0	986.9	1417	208.9	10.97	4.884	4.012	3.739	3.796	4.512	4.690	4.382	5.010	6.162	6.172	6.860	7.133	7.338	8.008	7.982	8.538	8.649	9.001	9.610	10.10	10.87	11.29	11.16	11.51	11.72	12.11	12.58	12.64	12.50	12.81	12.08	11.62	10.05	9.336
425.0	1306	1635	1871	2095	2266	2430	2589	2810	3118	3561	4049	4293	4257	4022	3449	2717	2100	1820	1826	1988	2218	2504	2818	3099	3293	3408	3422	3332	3149	2885	2510	1969	1466	1086	821.6	609.1	415.9	254.2	169.8	316.5	1122	1236	35.40	7.297	5.051	4.039	4.204	4.217	4.654	4.330	4.869	5.795	6.166	6.513	7.126	6.959	7.687	8.058	8.286	8.502	9.035	9.422	9.903	10.44	10.53	10.94	11.45	11.18	11.85	12.35	12.45	12.08	12.10	11.52	11.23	10.39	9.569
430.0	1329	1606	1865	2063	2285	2450	2629	2865	3146	3589	4082	4354	4296	4053	3485	2728	2089	1792	1785	1928	2157	2435	2757	3050	3258	3388	3416	3347	3162	2904	2545	2059	1555	1158	892.8	675.5	472.0	291.3	172.8	148.4	341.6	900.0	1053	385.8	14.03	5.093	4.394	4.231	4.555	4.475	4.785	6.188	6.289	6.851	7.185	7.365	7.763	8.168	8.338	8.587	8.807	9.273	9.874	10.40	10.69	11.17	11.46	11.34	11.87	12.15	12.58	12.02	11.81	12.21	11.13	10.31	9.293
435.0	1577	1572	1814	2048	2262	2480	2665	2912	3183	3608	4105	4348	4308	4019	3471	2717	2074	1762	1738	1855	2067	2345	2655	2964	3180	3310	3363	3305	3138	2884	2534	2097	1630	1230	960.2	742.1	531.1	339.4	206.6	134.4	139.4	244.9	599.5	1469	238.2	16.37	5.484	4.925	5.067	4.537	4.799	5.980	6.399	6.755	7.287	7.541	8.466	8.333	8.755	8.874	8.810	9.302	9.701	10.32	10.42	11.01	11.66	11.57	12.01	12.02	12.34	12.05	11.65	11.82	10.19	10.24	9.415
440.0	1743	1647	1762	1991	2238	2434	2630	2886	3110	3490	3940	4168	4126	3853	3319	2603	1993	1694	1658	1770	1959	2214	2512	2798	3010	3142	3195	3158	3001	2773	2442	2024	1611	1249	975.1	761.6	555.9	367.4	231.8	147.0	106.4	103.5	181.3	951.2	1509	199.9	9.987	5.455	5.222	4.415	4.720	5.999	6.535	6.236	6.928	7.344	8.190	8.396	8.534	9.151	8.841	8.950	9.169	10.29	10.64	11.00	10.88	11.27	11.61	11.53	11.70	11.95	11.17	11.57	10.40	9.783	9.004
445.0	1747	1837	1710	1912	2159	2363	2572	2768	2943	3247	3628	3843	3775	3549	3064	2416	1871	1595	1555	1637	1797	2038	2304	2568	2760	2880	2937	2907	2776	2581	2278	1895	1521	1220	967.1	754.6	561.3	383.1	249.6	163.4	112.0	81.59	78.34	282.0	1273	1346	139.9	6.953	5.527	4.455	4.635	5.812	6.111	6.789	6.713	7.293	8.206	8.536	8.359	8.616	8.482	8.683	8.635	9.229	9.644	9.976	10.16	10.34	10.38	10.48	10.49	10.48	10.69	10.70	10.13	9.186	8.292
450.0	1346	2182	1763	1762	2001	2215	2420	2566	2656	2848	3154	3323	3273	3068	2664	2129	1662	1432	1390	1446	1578	1761	1992	2217	2383	2489	2538	2520	2417	2260	2020	1690	1365	1115	921.5	726.8	546.8	388.4	266.2	183.2	127.3	88.37	65.27	95.79	362.4	1014	1256	363.1	12.40	5.100	4.701	5.531	5.678	6.124	6.339	6.724	7.661	7.891	7.745	7.981	7.710	7.928	7.869	8.049	8.462	8.686	8.802	9.139	9.280	9.228	9.389	9.346	9.390	9.151	8.554	8.123	7.411
455.0	994.3	2034	2212	1623	1845	2064	2238	2360	2369	2499	2725	2868	2823	2627	2300	1857	1462	1266	1230	1271	1362	1515	1701	1884	2035	2129	2178	2159	2092	1960	1771	1501	1220	1008	851.2	706.4	538.0	390.0	278.9	200.7	144.1	102.4	71.49	62.13	110.0	252.5	659.8	1317	193.5	12.66	5.022	5.367	5.548	5.805	5.968	6.325	7.037	7.691	7.329	7.296	6.772	7.138	7.321	7.220	7.412	7.597	7.703	7.809	8.034	8.626	8.100	7.943	8.268	7.874	7.545	7.347	6.755
460.0	851.8	1557	2629	1676	1715	1941	2098	2183	2206	2308	2477	2602	2543	2384	2072	1674	1341	1159	1123	1158	1219	1355	1519	1678	1813	1904	1943	1933	1880	1765	1605	1373	1133	936.4	791.2	679.8	531.9	390.4	283.3	208.5	155.0	111.9	80.46	59.09	59.04	81.20	180.6	830.0	1099	146.9	8.300	5.677	5.782	5.529	5.816	5.847	6.628	6.919	7.139	6.652	6.793	6.837	6.600	6.875	6.726	7.014	7.244	7.343	7.077	7.837	7.270	7.300	7.818	7.163	6.720	6.620	6.228
465.0	778.8	1197	2551	2024	1609	1840	1964	2045	2044	2099	2256	2373	2335	2168	1881	1538	1235	1067	1023	1052	1106	1217	1363	1516	1629	1709	1741	1743	1698	1606	1466	1262	1049	874.2	740.6	636.6	525.0	389.3	284.2	213.0	161.4	119.0	86.52	64.12	51.67	47.34	61.78	240.9	926.3	860.8	24.07	6.541	5.537	5.523	5.667	5.457	6.528	6.390	6.694	6.306	6.456	5.929	6.156	6.037	6.533	6.551	6.520	6.758	6.477	6.810	6.891	6.757	6.873	6.525	5.997	5.828	5.242
470.0	713.4	943.9	1760	2632	1629	1627	1779	1825	1813	1839	1960	2048	2000	1856	1619	1333	1070	935.0	897.8	905.9	947.7	1036	1155	1289	1379	1448	1483	1480	1450	1382	1265	1103	926.2	780.9	664.8	569.3	477.7	381.5	283.9	212.4	163.5	123.9	93.33	71.21	54.69	44.98	39.68	74.08	263.9	635.9	715.2	254.9	11.83	5.663	5.535	5.164	5.830	5.705	5.933	5.775	5.767	5.631	5.259	5.306	5.571	5.583	5.589	5.597	5.670	5.762	5.837	5.514	5.858	5.670	5.376	5.020	4.806
475.0	618.8	823.8	1115	2310	2129	1436	1548	1573	1538	1560	1645	1700	1662	1540	1339	1114	914.1	798.4	766.4	766.6	796.3	859.5	948.4	1058	1128	1184	1215	1213	1193	1139	1058	933.3	794.7	674.6	583.6	502.0	420.6	349.9	279.4	212.4	162.6	126.4	97.44	76.39	60.87	47.99	38.90	40.50	76.42	157.7	360.0	814.3	181.0	12.24	5.269	4.950	5.095	5.353	4.893	5.044	5.312	4.887	4.622	4.891	4.855	4.678	4.510	4.626	4.600	4.839	4.822	4.575	4.948	4.704	4.467	4.303	4.132
480.0	567.3	736.3	897.6	1597	2634	1442	1399	1417	1366	1371	1442	1475	1435	1329	1166	973.9	803.8	704.8	678.6	674.5	685.7	745.0	817.2	905.3	973.1	1012	1042	1042	1029	988.8	917.5	817.6	704.4	604.2	524.5	455.0	385.0	318.7	268.2	213.4	161.7	126.7	99.31	79.40	64.40	51.27	42.29	35.53	37.31	50.70	99.48	478.6	764.1	156.0	7.940	5.022	4.813	5.035	4.713	4.503	4.412	4.302	4.227	4.148	4.017	4.087	4.236	3.892	4.015	4.436	3.996	4.238	4.132	4.143	3.852	3.913	3.588
485.0	491.7	705.8	805.3	1107	2568	1760	1274	1298	1233	1228	1281	1297	1264	1169	1029	862.7	723.4	634.5	610.2	598.6	611.0	657.1	723.2	794.0	846.1	883.3	908.7	909.1	902.2	871.8	814.1	725.0	631.4	545.3	479.3	417.1	357.3	292.4	250.3	212.3	162.5	127.0	101.4	81.46	67.61	55.41	45.33	37.06	31.01	29.03	35.92	139.6	616.8	692.7	28.01	6.041	5.122	4.582	4.317	4.304	4.151	4.056	3.748	3.784	3.674	3.843	3.916	3.732	3.585	3.824	3.532	3.782	3.665	3.738	3.492	3.485	3.254
490.0	438.4	663.5	754.6	859.4	1708	2412	1304	1145	1095	1078	1108	1126	1095	1005	882.1	743.6	630.3	555.1	532.9	522.1	529.1	561.1	615.9	675.6	719.0	750.7	769.1	770.5	766.9	741.6	699.7	628.3	552.1	484.3	424.7	376.3	323.1	269.4	226.6	195.5	165.7	130.3	102.7	84.58	71.04	59.83	49.61	40.83	33.37	27.33	25.05	45.09	174.9	480.1	692.5	293.6	12.49	4.848	4.305	3.926	3.763	3.822	3.367	3.473	3.300	3.260	3.445	3.221	3.309	3.270	3.042	3.203	3.092	3.189	3.075	2.853	2.729
495.0	383.5	555.0	686.8	726.2	1016	2236	1759	1008	958.9	928.4	950.4	962.1	942.6	855.1	760.2	642.7	536.6	481.4	460.6	448.4	451.8	477.7	520.0	566.7	608.3	631.5	648.5	650.6	645.9	627.4	597.4	537.5	475.7	419.6	374.3	331.3	289.2	244.9	206.5	177.9	154.9	132.1	105.1	86.23	74.04	63.04	53.27	45.38	37.42	30.58	25.64	26.96	52.11	119.8	377.1	977.5	207.3	13.43	4.231	3.660	3.580	3.133	3.055	2.957	2.742	2.951	2.845	2.637	2.970	2.944	2.596	2.848	2.576	2.523	2.415	2.512	2.302
500.0	315.7	461.3	644.0	658.9	768.3	1547	2270	992.1	861.6	836.3	851.3	858.2	833.3	758.3	667.8	563.1	479.2	428.1	411.7	394.5	398.0	419.8	455.3	497.2	530.0	549.9	559.2	563.7	560.6	547.2	520.2	473.4	420.0	374.0	335.6	299.8	262.7	225.8	190.8	162.2	142.1	129.2	106.6	86.35	73.21	64.12	55.54	47.31	40.38	33.19	27.72	24.21	26.88	39.39	102.9	559.7	774.5	169.9	7.368	3.773	3.129	2.759	2.550	2.572	2.572	2.604	2.498	2.428	2.529	2.726	2.219	2.393	2.347	2.274	2.146	2.257	2.091
505.0	279.7	380.6	586.6	600.4	656.5	988.7	2355	1239	758.9	753.8	759.9	770.1	736.9	677.7	586.2	492.3	422.3	377.5	361.3	350.5	351.3	370.1	403.2	436.0	462.4	480.3	486.1	492.7	487.9	481.4	457.1	416.4	373.0	333.4	301.2	269.8	236.6	205.7	176.1	150.6	131.9	119.3	108.3	87.31	74.39	65.39	56.89	48.32	41.62	35.19	29.64	24.89	22.25	22.48	34.27	155.2	571.5	674.4	30.16	4.737	3.070	2.776	2.489	2.550	2.199	2.273	2.317	2.230	2.508	2.214	2.177	2.286	2.244	1.952	1.965	1.878	1.917
510.0	242.7	329.7	470.7	578.3	559.7	677.3	1534	1943	759.1	651.5	649.7	655.3	621.3	563.7	494.0	417.7	356.2	318.2	308.4	296.3	294.3	310.2	334.9	362.6	384.7	400.4	404.7	409.8	407.0	399.6	382.6	351.2	316.2	284.9	258.5	230.7	207.3	181.2	156.5	136.1	118.4	105.2	97.49	87.14	73.82	63.29	55.86	47.94	42.04	35.97	30.90	26.25	22.74	19.80	20.10	44.46	156.4	424.8	535.2	128.2	10.63	2.660	2.315	2.122	2.109	1.950	1.930	1.791	2.000	1.814	1.781	1.801	1.750	1.704	1.710	1.519	1.602
515.0	192.7	274.7	369.7	511.8	512.6	527.9	792.2	2036	1189	550.7	537.6	542.5	512.7	466.4	408.0	345.2	294.0	267.5	254.3	244.6	242.6	253.4	274.3	293.4	312.0	321.7	326.8	328.1	329.1	326.2	312.6	289.1	261.8	239.4	216.7	196.1	175.9	154.4	136.5	119.5	105.7	93.77	84.71	81.97	73.79	62.00	54.04	46.16	41.57	35.91	31.38	27.28	23.04	20.15	16.97	20.70	43.04	102.4	245.8	583.0	200.9	11.23	2.412	1.944	1.690	1.751	1.540	1.454	1.557	1.539	1.544	1.385	1.479	1.329	1.272	1.183	1.298
520.0	151.9	249.5	318.5	422.3	484.5	459.7	541.9	1398	1794	542.3	469.1	474.6	441.1	400.8	348.7	298.0	256.8	232.3	221.3	215.1	210.6	220.4	234.8	251.2	265.6	273.9	276.9	277.8	275.6	279.2	266.9	246.6	226.4	206.3	188.4	170.6	155.6	137.4	122.7	107.3	96.31	86.44	77.16	72.66	72.06	62.46	52.70	45.36	40.16	35.22	30.96	26.66	23.31	19.44	16.44	14.95	18.14	29.66	63.60	311.2	576.6	156.6	6.283	2.044	1.610	1.649	1.488	1.483	1.152	1.365	1.275	1.140	1.132	1.249	1.086	0.921	0.984
525.0	135.8	219.4	280.8	345.8	456.6	411.8	440.2	763.2	2075	763.3	417.8	409.0	385.0	345.2	304.7	258.2	226.0	205.5	196.4	188.8	182.3	189.8	205.3	218.5	226.4	235.0	238.5	238.6	238.5	241.0	230.2	213.0	198.1	177.9	166.1	150.1	137.2	121.8	110.6	97.49	86.47	78.80	71.17	66.45	65.19	61.51	51.31	43.40	39.05	34.09	29.28	26.45	22.85	18.94	16.11	13.72	12.61	13.44	19.76	82.17	374.8	489.5	31.03	3.768	1.663	1.579	1.286	1.188	1.025	1.119	1.006	1.192	0.938	0.985	0.906	0.954	0.818
530.0	109.1	179.5	234.9	274.5	375.7	397.4	360.3	450.6	1361	1520	442.6	347.9	322.9	293.0	251.8	219.3	190.7	172.3	162.5	158.2	153.3	157.2	168.7	181.0	188.3	194.7	197.2	194.6	197.1	197.5	190.4	178.4	163.1	150.5	138.8	127.2	116.0	104.4	94.51	85.20	76.32	69.08	63.37	58.25	55.23	54.61	50.07	41.91	35.81	30.97	27.85	24.48	21.65	18.67	15.66	12.90	10.91	9.615	9.506	22.25	97.15	270.4	370.7	133.1	11.36	1.522	1.191	1.011	0.937	1.003	0.939	0.888	0.833	0.838	0.644	0.822	0.662
535.0	101.6	165.8	200.5	220.1	285.0	375.9	310.3	328.2	568.2	1758	825.4	291.9	273.0	237.8	205.8	177.3	155.7	143.0	136.3	127.5	125.4	128.7	136.7	147.2	152.5	158.1	159.4	159.9	159.4	158.2	155.2	144.9	133.1	123.6	114.6	104.6	95.59	87.47	79.73	72.72	65.52	59.54	55.27	50.48	47.59	45.92	45.29	41.12	33.09	28.47	25.31	22.28	19.43	17.27	14.85	12.66	10.17	8.674	7.150	8.758	24.64	63.12	142.2	427.5	227.6	14.43	1.265	0.935	0.849	0.874	0.777	0.690	0.633	0.661	0.649	0.592	0.503
540.0	94.97	135.5	165.5	186.1	229.8	326.8	291.0	267.7	319.2	1178	1445	283.4	234.1	206.0	175.9	148.5	132.0	123.3	116.1	108.7	108.4	110.0	117.3	123.5	129.4	132.8	134.8	135.7	133.9	134.6	131.9	123.2	112.6	104.5	98.03	90.29	82.09	75.70	69.72	62.75	57.93	52.38	49.09	45.24	42.45	40.72	39.53	37.95	31.40	26.92	23.40	20.77	17.89	15.75	13.41	12.13	9.667	7.777	6.181	5.518	8.355	16.48	35.20	193.9	571.7	196.0	8.261	0.999	0.765	0.716	0.697	0.565	0.594	0.588	0.382	0.521	0.328
545.0	70.73	126.5	139.6	159.4	185.5	271.8	277.6	230.5	235.1	556.4	1811	489.3	205.1	176.7	149.9	127.9	115.7	106.6	98.82	94.54	93.47	93.54	100.0	107.1	111.6	112.9	115.4	111.5	114.8	114.8	110.5	105.1	95.54	89.61	82.80	78.36	71.75	64.99	60.88	54.86	50.79	46.49	42.16	40.18	37.41	36.04	33.19	34.04	30.81	25.65	21.79	19.00	16.83	14.65	12.37	11.04	9.425	7.488	5.779	4.649	4.877	6.054	9.713	48.45	308.3	593.7	151.3	3.699	0.789	0.656	0.585	0.492	0.538	0.443	0.362	0.356	0.281
550.0	62.50	90.05	117.0	133.4	147.2	189.1	258.7	203.8	189.1	260.8	1149	1295	208.5	141.8	120.2	106.8	92.10	85.28	79.87	77.34	74.77	76.32	79.90	84.60	89.66	90.68	90.71	90.39	91.01	91.44	88.79	83.76	77.86	72.20	67.67	63.52	57.65	53.54	49.25	45.64	42.16	38.49	35.56	33.32	31.77	29.98	28.26	26.73	26.46	23.53	19.65	16.23	14.25	12.72	11.24	9.678	8.199	6.755	5.430	4.202	3.526	3.405	3.913	12.35	74.86	287.0	431.4	138.2	12.90	0.698	0.499	0.418	0.360	0.295	0.225	0.279	0.124
555.0	42.98	78.86	93.97	105.1	116.3	138.7	202.5	197.5	149.5	164.0	400.2	1664	555.0	111.6	95.14	81.27	72.34	66.37	63.18	60.15	57.76	59.91	61.59	65.22	68.63	69.76	68.88	70.46	70.54	71.05	68.73	64.59	60.64	56.11	53.54	49.58	45.67	42.28	38.71	36.34	33.17	30.89	29.56	27.86	26.31	25.07	22.86	21.53	20.72	20.52	18.15	14.43	12.26	10.87	9.424	8.190	6.795	6.337	4.895	3.665	3.007	2.494	2.436	4.037	17.71	65.28	137.2	297.2	194.7	14.78	0.556	0.285	0.256	0.143	0.192	0.164	0.161
560.0	35.15	59.65	85.64	86.67	96.22	108.0	143.9	204.1	130.3	127.5	184.8	1130	1189	121.8	78.48	65.98	60.15	55.46	51.09	50.32	47.88	49.65	51.39	54.03	55.43	57.20	57.69	57.52	57.08	56.76	55.77	53.41	50.42	45.22	43.57	41.51	37.77	35.25	33.35	30.40	28.26	26.62	25.17	23.39	21.92	21.55	19.63	17.75	17.03	17.17	16.24	13.42	10.53	9.316	8.312	7.031	6.060	5.394	4.745	3.368	2.721	2.304	2.150	1.998	5.043	15.59	31.95	112.1	265.3	141.5	7.706	0.367	0.238	0.120	0.166	0.055	0.030
565.0	33.72	55.30	75.51	72.60	79.25	89.96	107.0	186.0	126.8	105.6	123.7	488.5	1640	183.8	67.31	55.00	50.75	45.17	42.73	40.93	39.72	41.20	42.85	44.90	46.22	46.87	47.15	46.68	47.50	46.38	46.19	44.21	41.68	37.95	35.88	33.92	31.28	29.59	27.51	25.71	23.92	21.76	20.53	20.01	18.50	17.73	16.96	15.77	13.98	13.74	14.21	12.50	9.725	8.310	7.120	6.375	5.320	4.448	4.042	3.208	2.876	2.202	1.719	1.533	1.970	4.234	8.006	26.66	118.1	257.5	33.70	2.753	0.286	0.097	0.143	0.041	0.012
570.0	32.17	51.70	64.25	60.66	64.79	69.86	77.51	134.0	144.3	96.06	92.64	183.6	1088	907.3	79.41	45.24	38.54	36.37	34.28	32.29	31.33	31.71	33.58	34.82	36.29	35.76	36.46	37.01	37.23	36.88	36.09	34.19	32.34	29.74	28.45	26.37	24.56	23.59	21.94	20.64	19.32	18.08	16.79	16.14	15.17	14.61	13.52	12.60	11.27	10.58	10.56	10.35	8.976	7.050	5.880	5.229	4.464	3.703	3.036	2.796	2.503	1.890	1.411	1.203	1.326	1.676	2.419	6.505	27.97	102.1	171.2	90.91	10.51	0.221	0.114	-0.026	-0.023
575.0	25.45	50.27	62.74	55.97	53.21	54.40	61.74	82.03	149.0	99.62	83.24	100.5	344.6	1354	279.1	35.46	31.42	27.69	26.90	24.62	23.54	23.94	26.35	25.47	27.18	27.67	28.10	28.51	27.59	27.48	27.63	26.33	24.30	23.21	21.33	20.65	19.00	18.40	16.90	16.10	14.96	14.31	13.21	12.77	12.16	11.50	10.28	10.01	8.840	8.354	7.924	7.746	7.640	6.421	5.123	4.384	3.468	3.051	2.576	2.234	2.008	2.007	1.401	1.113	1.103	1.066	1.200	2.040	6.683	23.21	50.98	136.2	118.9	12.31	0.156	-0.006	-0.031
580.0	19.84	41.60	50.30	52.85	43.79	46.40	51.19	60.06	119.9	116.7	77.29	77.27	126.5	953.0	773.5	41.52	25.42	23.79	22.34	20.54	19.62	20.03	21.08	21.29	22.32	23.44	22.49	23.04	22.79	22.30	22.61	20.98	19.90	18.73	17.40	17.05	15.48	14.71	13.79	13.15	12.28	11.73	11.00	10.89	10.12	9.668	9.233	8.085	7.340	7.179	6.544	6.134	6.419	5.651	4.634	3.662	3.066	2.618	2.348	1.750	1.596	1.854	1.559	1.100	0.874	0.732	0.769	0.906	1.877	5.513	11.78	48.28	146.0	85.49	5.348	0.000	-0.050
585.0	16.75	40.99	46.86	43.64	39.68	39.04	44.14	49.46	89.66	131.0	77.92	71.47	77.17	379.7	1224	97.31	22.28	18.80	18.95	17.51	16.81	17.04	17.83	18.56	18.40	18.82	18.77	19.13	18.87	18.42	18.83	17.51	17.07	15.72	14.62	13.87	13.33	12.15	11.14	11.01	10.02	9.732	9.067	9.141	8.754	7.752	7.781	7.363	6.503	5.737	5.403	5.033	5.072	5.003	4.436	3.430	2.515	2.255	1.736	1.483	1.434	1.377	1.508	1.192	0.821	0.573	0.663	0.524	0.810	1.514	2.883	11.36	58.06	136.6	32.47	2.133	-0.069
590.0	21.67	40.33	43.92	38.32	35.74	33.54	38.43	43.05	61.26	123.5	95.78	69.86	62.86	120.6	857.1	621.0	30.68	16.03	14.93	14.07	12.87	13.60	14.30	14.55	15.05	14.99	15.05	14.78	14.81	14.69	14.85	13.65	12.94	12.35	11.62	10.96	10.31	9.606	9.319	8.637	7.955	7.669	7.082	7.282	6.797	6.449	6.160	5.871	5.334	4.645	4.379	4.000	3.774	3.673	3.943	3.243	2.291	1.840	1.464	1.257	1.185	0.944	1.081	1.109	0.877	0.698	0.540	0.446	0.531	0.592	0.850	2.708	13.45	50.24	88.74	62.44	9.425
595.0	15.06	39.74	41.17	32.83	34.10	30.52	32.76	38.18	49.14	87.71	123.6	71.17	58.68	58.23	253.9	1074	107.0	13.80	11.77	10.95	9.858	10.51	10.86	11.41	11.53	10.94	11.58	11.19	11.55	11.31	11.29	10.05	9.913	9.539	8.976	8.613	8.448	7.466	7.258	6.829	6.176	6.308	5.583	5.814	5.414	5.152	5.032	4.606	4.009	3.726	3.336	3.241	2.753	2.776	2.782	2.858	2.219	1.579	1.151	1.141	0.983	0.768	0.743	0.891	0.806	0.842	0.447	0.347	0.392	0.429	0.302	0.719	3.088	11.32	24.23	75.81	78.55
600.0	10.97	35.86	40.18	32.42	26.79	29.13	28.90	33.80	43.27	68.53	128.9	81.52	57.54	44.24	80.03	795.6	672.1	17.98	10.07	9.039	8.008	8.408	9.427	9.043	9.228	9.291	9.457	9.286	9.068	9.165	9.352	9.246	7.996	7.449	7.334	6.965	6.865	6.175	5.738	5.342	5.335	4.996	4.647	4.372	4.548	4.309	3.900	3.685	3.360	3.202	2.799	2.542	2.083	2.090	2.240	2.420	2.152	1.512	0.991	0.900	0.726	0.620	0.604	0.657	0.628	0.804	0.594	0.408	0.355	0.228	0.100	0.295	0.727	2.567	5.473	25.17	87.48
605.0	11.86	34.63	39.81	30.79	23.21	25.19	27.71	36.74	45.96	60.52	119.6	98.97	62.42	45.34	41.74	336.0	1153	68.14	9.741	7.899	6.846	7.171	7.153	8.060	7.942	7.791	7.733	7.984	7.630	7.890	7.634	7.414	6.742	6.222	6.147	5.479	5.632	5.507	4.779	4.295	4.528	4.407	4.002	3.646	3.774	3.386	3.280	3.132	2.685	2.732	2.361	2.097	1.828	1.572	1.540	1.797	1.852	1.476	1.020	0.772	0.686	0.492	0.498	0.450	0.410	0.788	0.729	0.350	0.224	0.282	0.159	0.179	0.284	0.578	1.176	5.713	33.36
610.0	15.70	33.88	42.29	29.70	23.13	27.73	33.59	42.39	53.91	67.09	102.8	127.0	78.66	53.30	41.86	102.8	847.2	573.4	17.10	6.522	5.616	6.108	6.058	6.645	6.021	6.322	6.234	5.994	5.770	6.236	6.057	6.068	5.206	4.743	4.605	4.429	4.153	4.122	3.956	3.470	3.473	3.344	3.107	2.896	2.777	2.802	2.600	2.421	2.315	2.054	1.830	1.621	1.490	1.315	1.199	1.275	1.364	1.341	1.109	0.622	0.620	0.468	0.496	0.432	0.429	0.471	0.644	0.536	0.404	0.306	0.255	0.129	0.147	0.175	0.319	1.290	7.539
615.0	12.63	36.81	35.60	26.56	22.84	23.02	29.23	39.39	52.98	69.80	90.35	131.6	96.55	57.08	43.87	45.78	274.8	1254	80.20	5.317	4.420	4.708	4.631	4.556	4.637	4.677	4.678	4.512	4.612	4.884	4.820	4.529	3.928	3.745	3.612	2.945	3.092	3.222	2.836	2.804	2.523	2.318	2.447	2.204	2.183	2.108	2.025	1.805	1.655	1.507	1.412	1.253	1.083	1.028	0.845	0.880	0.937	1.039	0.988	0.575	0.432	0.415	0.409	0.309	0.356	0.404	0.472	0.413	0.490	0.386	0.155	0.159	0.144	0.065	0.054	0.235	1.650
620.0	7.891	33.76	32.92	24.83	23.78	25.17	28.09	39.74	50.79	66.76	78.60	115.5	107.3	55.49	40.58	30.87	85.60	1037	508.5	6.450	3.496	4.109	3.761	3.510	3.918	3.969	3.816	3.666	3.778	3.811	3.906	3.590	3.159	3.105	2.906	2.633	2.579	2.543	2.203	2.140	2.074	1.963	1.868	1.665	1.714	1.561	1.679	1.526	1.408	1.319	1.076	0.938	0.837	0.792	0.722	0.641	0.522	0.788	0.786	0.644	0.381	0.392	0.316	0.315	0.362	0.416	0.258	0.341	0.482	0.303	0.219	0.110	0.099	0.107	-0.011	0.002	0.324
625.0	9.171	34.44	35.32	26.00	21.08	24.55	26.48	37.26	48.24	62.43	76.46	94.59	112.6	60.19	41.80	28.90	38.67	483.1	1013	22.71	3.630	3.422	3.185	3.250	3.224	3.214	3.285	3.077	2.976	3.140	3.053	2.970	2.419	2.635	2.432	2.282	2.163	1.860	1.622	1.860	1.708	1.562	1.528	1.541	1.467	1.301	1.406	1.197	1.055	1.001	0.926	0.810	0.751	0.654	0.627	0.562	0.431	0.445	0.559	0.666	0.426	0.371	0.262	0.269	0.328	0.275	0.323	0.250	0.334	0.312	0.188	0.081	0.054	0.024	-0.063	-0.056	-0.028
630.0	5.338	31.93	33.96	25.28	19.08	21.34	25.99	35.70	46.42	58.53	71.33	80.24	102.2	72.05	39.87	28.50	27.36	129.5	892.3	190.9	4.888	2.498	2.487	2.704	2.486	2.501	2.454	2.554	2.240	2.443	2.482	2.300	2.018	1.953	1.671	1.453	1.567	1.381	1.303	1.312	1.166	1.092	1.110	1.139	1.091	0.998	1.008	0.863	0.831	0.759	0.764	0.630	0.551	0.528	0.513	0.317	0.375	0.273	0.342	0.493	0.395	0.317	0.259	0.154	0.214	0.195	0.250	0.215	0.244	0.249	0.297	0.107	0.036	0.047	-0.010	-0.050	-0.123
635.0	7.510	31.78	30.62	26.77	19.08	24.60	25.02	30.94	41.11	55.85	67.87	79.11	84.47	83.36	43.83	29.24	24.17	39.58	304.3	477.9	32.58	2.191	2.168	2.100	1.814	1.965	1.747	2.009	1.703	1.805	1.925	1.772	1.417	1.260	1.318	1.315	1.110	1.027	1.024	0.863	0.867	0.826	0.851	0.792	0.753	0.694	0.723	0.611	0.582	0.624	0.516	0.440	0.406	0.360	0.361	0.195	0.247	0.131	0.140	0.286	0.331	0.270	0.215	0.113	0.089	0.195	0.139	0.169	0.161	0.221	0.190	0.200	0.120	0.001	-0.030	-0.065	-0.106
640.0	10.59	29.41	36.26	27.50	18.94	21.74	23.72	31.74	40.10	54.58	69.41	74.44	74.95	86.13	51.57	30.32	26.51	19.90	79.91	452.6	76.79	2.657	1.894	1.811	1.597	1.806	1.655	1.836	1.541	1.702	1.452	1.502	1.205	1.074	1.115	1.075	0.875	0.787	0.736	0.645	0.592	0.543	0.624	0.613	0.705	0.651	0.611	0.516	0.498	0.440	0.432	0.297	0.273	0.250	0.236	0.130	0.172	0.075	0.162	0.119	0.206	0.315	0.196	0.164	0.111	0.179	0.168	0.140	0.124	0.089	0.106	0.191	0.159	-0.007	0.004	-0.080	-0.063
645.0	21.78	40.76	39.64	25.48	19.37	19.15	21.52	31.15	39.73	48.95	68.45	69.58	71.03	79.09	58.12	31.86	27.68	15.97	23.90	250.5	221.2	9.849	1.526	1.656	1.493	1.462	1.482	1.495	1.284	1.497	1.206	1.056	0.916	0.966	0.831	0.832	0.760	0.554	0.508	0.576	0.543	0.449	0.409	0.452	0.548	0.489	0.459	0.448	0.389	0.337	0.349	0.184	0.187	0.167	0.120	0.093	0.164	0.056	0.068	0.076	0.109	0.171	0.134	0.169	0.146	0.095	0.203	0.172	0.092	0.128	0.100	0.142	0.223	0.140	-0.067	-0.071	-0.037
650.0	20.06	45.83	43.03	31.90	20.81	20.66	21.83	27.72	37.07	49.53	63.96	70.39	67.52	67.37	64.49	31.89	26.37	13.88	10.87	84.07	260.7	46.09	1.432	1.237	1.408	1.515	1.155	1.422	1.021	1.191	1.092	0.824	0.939	0.717	0.621	0.516	0.636	0.597	0.373	0.323	0.333	0.245	0.268	0.396	0.377	0.299	0.282	0.325	0.354	0.257	0.261	0.158	0.110	0.105	0.041	0.050	0.085	0.062	0.001	0.104	0.083	0.084	0.159	0.192	0.111	0.103	0.077	0.048	0.092	0.076	0.072	0.064	0.131	0.122	0.004	-0.142	-0.110
