Sample:	'1
File name:	Default_20230713_104803.FD3
Run date:	'10:41:42, 07/13/2023
Operator:	user
Comment:	'

Instrument
Model:	F-2700 FL Spectrophotometer
Serial number:	2190-003
ROM Version:	4J14000 07

Instrument parameters
Measurement type:	3-D scan
Data mode:	Fluorescence
EX  Start WL:	220.0 nm
EX  End WL:	600.0 nm
EX Sampling interval:	5.0 nm
EM  Start WL:	230.0 nm
EM  End WL:	650.0 nm
EM Sampling interval:	5.0 nm
Scan speed:	12000 nm/min
EX Slit:	5.0 nm
EM Slit:	5.0 nm
PMT Voltage:	700 V
Response:	Auto 
Corrected spectra:	Off
Contour interval:	50.000

Peak integration
Integration method:	Rectangular
Sensitivity:	1
Threshold:	1.000

Peaks
No.	ApexEX/EM(nm)	Height(Data)
1	225.0/335.0	775.4
2	230.0/605.0	-42.56
3	230.0/640.0	-44.62
4	235.0/565.0	-39.17
5	240.0/515.0	45.84
6	240.0/580.0	-16.98
7	245.0/530.0	36.34
8	250.0/545.0	33.52
9	255.0/280.0	313.6
10	255.0/555.0	68.07
11	260.0/285.0	451.9
12	260.0/570.0	49.46
13	265.0/240.0	-17.77
14	265.0/580.0	70.27
15	270.0/595.0	72.26
16	275.0/335.0	 4953
17	275.0/605.0	93.33
18	275.0/640.0	151.3
19	280.0/240.0	-11.22
20	280.0/620.0	80.78
21	290.0/245.0	-8.080
22	295.0/255.0	-7.774
23	305.0/280.0	-3.249
24	310.0/245.0	-2.517
25	315.0/275.0	-3.080
26	315.0/595.0	-2.815
27	320.0/360.0	608.9
28	325.0/365.0	576.7
29	330.0/275.0	-2.604
30	330.0/560.0	4.541
31	335.0/285.0	-2.305
32	340.0/385.0	406.4
33	340.0/615.0	-2.300
34	345.0/265.0	-2.817
35	345.0/295.0	-2.195
36	350.0/255.0	-2.809
37	350.0/275.0	-2.337
38	350.0/605.0	-2.384
39	350.0/625.0	-1.713
40	355.0/250.0	-2.873
41	355.0/405.0	232.9
42	355.0/620.0	-2.216
43	360.0/410.0	193.1
44	360.0/625.0	-2.170
45	365.0/415.0	182.6
46	370.0/425.0	161.1
47	375.0/260.0	-2.411
48	375.0/295.0	-2.175
49	375.0/430.0	140.6
50	380.0/285.0	-2.265
51	380.0/435.0	124.8
52	380.0/615.0	-1.227
53	380.0/645.0	-2.014
54	385.0/345.0	-1.347
55	385.0/445.0	111.0
56	390.0/260.0	-0.985
57	390.0/450.0	90.91
58	390.0/615.0	-1.102
59	395.0/455.0	80.09
60	400.0/460.0	69.06
61	400.0/605.0	-0.306
62	405.0/470.0	54.83
63	410.0/475.0	49.12
64	420.0/490.0	32.20
65	425.0/495.0	27.63
66	435.0/510.0	18.32
67	440.0/515.0	16.08
68	445.0/335.0	2.732
69	445.0/525.0	13.76
70	450.0/530.0	10.93
71	455.0/535.0	9.602
72	460.0/545.0	8.121
73	470.0/560.0	4.322
74	485.0/580.0	0.651
75	500.0/605.0	-0.410
76	520.0/285.0	-0.041
77	550.0/335.0	9.521

Data points
	220.0	225.0	230.0	235.0	240.0	245.0	250.0	255.0	260.0	265.0	270.0	275.0	280.0	285.0	290.0	295.0	300.0	305.0	310.0	315.0	320.0	325.0	330.0	335.0	340.0	345.0	350.0	355.0	360.0	365.0	370.0	375.0	380.0	385.0	390.0	395.0	400.0	405.0	410.0	415.0	420.0	425.0	430.0	435.0	440.0	445.0	450.0	455.0	460.0	465.0	470.0	475.0	480.0	485.0	490.0	495.0	500.0	505.0	510.0	515.0	520.0	525.0	530.0	535.0	540.0	545.0	550.0	555.0	560.0	565.0	570.0	575.0	580.0	585.0	590.0	595.0	600.0
230.0	-98.72	1.727	 1471	 1613	98.87	-40.42	-28.83	-29.29	-28.64	-21.59	-19.62	-17.77	-13.10	-11.31	-11.09	-9.981	-6.531	-7.436	-5.632	-4.482	-6.241	-4.188	-4.458	-3.786	-4.481	-3.748	-3.448	-4.029	-3.451	-3.246	-3.534	-3.174	-3.495	-3.208	-2.460	-2.553	-2.573	-2.258	-2.203	-2.244	-2.068	-2.082	-2.538	-1.619	-2.083	-1.760	-1.547	-0.807	0.933	1.196	-0.094	-1.398	-1.619	-1.569	-1.625	-1.770	-1.666	-1.638	-1.467	-1.604	-1.697	-1.992	-1.696	-1.924	-1.645	-1.942	-1.784	-1.642	-1.740	-1.851	-1.762	-1.861	-1.770	-1.886	-1.886	-1.931	-1.947
235.0	-106.7	-73.57	416.0	 2161	 1841	148.6	-28.27	-32.18	-20.63	-19.47	-20.74	-15.80	-14.31	-12.00	-10.58	-7.886	-7.336	-5.577	-5.204	-4.502	-5.254	-4.903	-4.500	-4.964	-3.610	-5.062	-4.089	-3.699	-3.240	-3.146	-2.736	-2.976	-2.922	-2.229	-2.164	-2.714	-2.604	-2.328	-1.711	-1.437	-2.087	-2.831	-2.134	-2.167	-2.249	-1.446	-1.602	-1.003	-1.127	0.509	1.922	2.001	0.263	-1.278	-1.559	-1.694	-1.549	-1.818	-1.732	-1.725	-1.585	-1.719	-1.589	-1.885	-1.491	-1.295	-1.456	-1.865	-2.057	-2.076	-1.896	-1.771	-1.653	-1.691	-1.561	-1.461	-1.882
240.0	-113.7	-47.22	46.47	925.9	 3070	 1751	78.41	-21.41	-24.67	-17.77	-21.78	-20.55	-11.22	-13.90	-10.52	-9.353	-10.21	-6.769	-5.534	-5.515	-5.251	-4.206	-4.287	-4.927	-3.255	-3.519	-3.633	-3.724	-3.467	-3.242	-2.516	-2.812	-2.580	-2.514	-1.829	-2.978	-2.114	-1.736	-1.996	-1.743	-2.236	-2.691	-2.262	-1.927	-2.346	-2.119	-1.634	-2.203	-1.479	-1.411	0.058	2.601	4.332	2.645	-1.023	-1.801	-1.858	-1.653	-1.971	-1.611	-2.020	-1.747	-2.308	-1.829	-2.230	-1.634	-1.645	-1.760	-2.151	-1.740	-1.226	-1.628	-1.950	-1.836	-2.089	-1.845	-1.986
245.0	-93.10	-80.45	-22.76	165.5	 1650	 3831	 1469	-2.566	-26.34	-22.21	-21.59	-15.64	-16.27	-13.90	-8.080	-9.337	-8.237	-6.012	-2.517	-5.520	-4.932	-4.864	-4.024	-4.550	-2.978	-3.947	-3.458	-2.930	-2.818	-2.546	-2.171	-2.924	-2.930	-3.130	-2.055	-2.391	-2.766	-2.123	-2.040	-1.824	-2.044	-2.057	-1.976	-1.714	-2.023	-2.253	-1.260	-1.665	-1.361	-1.193	-1.412	0.111	2.112	5.459	4.729	1.645	-1.678	-1.695	-1.722	-1.897	-1.813	-1.789	-2.024	-1.767	-1.671	-1.820	-1.889	-1.446	-1.738	-1.637	-1.644	-1.538	-1.950	-1.792	-2.115	-1.949	-1.604
250.0	-102.3	-85.17	-41.10	25.22	366.7	 1848	 3914	 2732	323.2	-22.26	-14.42	-16.56	-15.32	-12.28	-12.83	-8.847	-7.952	-6.514	-5.150	-5.013	-5.650	-3.938	-4.737	-4.098	-4.257	-3.005	-3.465	-2.873	-3.972	-3.583	-3.814	-2.493	-2.596	-2.462	-2.196	-2.120	-2.849	-2.216	-2.035	-1.791	-1.587	-1.692	-2.028	-1.868	-1.716	-2.163	-1.368	-1.591	-1.140	-1.052	-1.408	-1.306	-0.381	0.818	2.603	4.661	4.757	3.628	0.506	-1.476	-1.551	-1.817	-1.930	-1.748	-1.946	-1.550	-1.991	-1.876	-1.895	-1.628	-2.107	-1.956	-1.851	-1.862	-2.239	-1.970	-1.996
255.0	-131.8	-101.8	-71.48	41.61	122.8	404.4	 1352	 5451	 4303	291.5	-14.12	-14.33	-12.26	-11.24	-9.707	-7.774	-10.56	-5.723	-7.897	-6.704	-5.288	-4.701	-4.465	-4.431	-3.556	-3.584	-2.809	-3.094	-3.682	-4.145	-2.978	-2.641	-3.517	-2.732	-1.180	-2.324	-2.788	-2.601	-2.011	-2.215	-1.661	-1.735	-2.213	-1.529	-2.171	-1.653	-1.499	-1.533	-1.578	-1.098	-1.144	-1.305	-0.925	-0.691	-0.806	0.041	0.948	4.041	6.210	4.914	1.489	-1.535	-1.839	-1.692	-1.871	-1.686	-1.633	-1.912	-2.432	-1.745	-1.890	-1.894	-2.032	-1.813	-1.795	-2.149	-2.484
260.0	-119.2	-97.05	-82.10	1.647	118.5	120.3	302.3	 2433	 6812	 1562	110.7	-13.06	-13.15	-15.18	-10.82	-9.758	-9.353	-5.955	-6.927	-6.236	-5.297	-5.126	-3.758	-4.728	-3.409	-2.973	-4.089	-4.568	-3.539	-3.438	-3.464	-2.411	-3.655	-3.147	-0.985	-2.741	-2.863	-2.759	-1.979	-2.021	-1.818	-2.133	-0.943	-1.783	-1.789	-1.719	-1.416	-1.627	-1.813	-1.009	-1.263	-1.148	-0.725	-1.204	-1.547	-1.372	-1.040	-0.268	2.171	6.288	8.612	4.902	0.094	-1.944	-1.939	-1.924	-1.501	-1.930	-2.457	-1.770	-1.422	-1.987	-2.081	-1.899	-1.920	-2.130	-2.396
265.0	-96.49	-89.51	-72.91	-44.79	60.37	133.3	76.57	578.2	 3477	 5782	 1162	19.69	-12.34	-10.74	-9.590	-11.11	-7.615	-6.475	-6.161	-6.091	-6.190	-4.201	-3.763	-4.134	-2.829	-2.817	-4.422	-4.349	-4.196	-3.571	-2.959	-3.344	-3.040	-3.329	-2.636	-2.969	-2.192	-1.909	-2.671	-2.266	-1.446	-2.200	-1.686	-1.698	-1.432	-1.999	-1.214	-1.425	-1.576	-1.336	-1.422	-1.638	-0.849	-1.025	-1.315	-1.292	-1.738	-1.401	-1.272	0.459	4.513	10.23	8.404	2.860	-0.975	-1.242	-1.564	-1.521	-1.824	-1.771	-2.235	-1.876	-1.953	-2.247	-2.327	-1.680	-2.102
270.0	-123.6	-102.7	-61.59	-53.76	-16.92	79.37	156.5	169.0	840.3	 2704	 4073	 2308	205.8	-8.317	-8.797	-9.512	-5.880	-6.620	-5.650	-4.915	-5.102	-3.563	-4.539	-3.948	-3.292	-3.836	-3.049	-4.113	-4.033	-3.203	-2.859	-3.924	-2.686	-3.111	-2.515	-2.859	-1.998	-2.241	-2.246	-2.715	-1.834	-2.340	-2.021	-1.417	-1.651	-1.841	-1.584	-1.227	-1.478	-1.430	-1.197	-1.326	-1.282	-1.324	-1.106	-1.122	-1.321	-1.583	-1.338	-1.170	-0.439	2.320	3.658	6.851	8.066	6.189	1.488	-1.273	-1.637	-1.681	-2.303	-1.987	-1.975	-2.060	-1.714	-1.810	-1.988
275.0	-99.95	-86.44	-58.44	-33.86	-30.83	2.319	144.0	278.4	253.7	641.7	 1380	 4093	 3043	165.3	-6.355	-7.543	-5.144	-4.839	-5.032	-3.080	-4.405	-4.040	-2.604	-3.526	-4.545	-5.179	-2.337	-3.795	-4.197	-3.019	-3.724	-3.581	-2.773	-3.462	-2.223	-2.142	-2.024	-2.227	-2.738	-2.446	-2.232	-2.216	-2.393	-1.944	-1.689	-1.784	-1.520	-1.557	-1.231	-1.431	-1.378	-1.459	-0.911	-1.398	-1.182	-0.980	-1.102	-0.347	-0.634	-1.587	-1.219	-1.101	-0.136	0.358	1.645	6.212	11.40	10.62	2.478	-1.451	-2.086	-2.201	-2.115	-1.669	-1.967	-1.964	-1.734
280.0	-99.70	-93.17	-76.37	-42.27	-24.71	4.425	47.82	313.6	300.0	224.1	415.3	 1725	 4711	899.7	61.82	-3.710	-4.613	-3.249	-5.277	-4.390	-4.282	-3.153	-2.619	-2.723	-4.169	-4.263	-3.395	-4.470	-3.523	-3.611	-4.933	-3.246	-2.781	-2.417	-2.439	-2.525	-1.955	-2.125	-2.348	-2.683	-1.954	-1.752	-2.062	-1.666	-2.005	-1.060	-1.544	-1.574	-1.309	-1.125	-1.105	-1.588	-1.222	-1.534	-1.612	-1.735	-1.472	-0.369	-0.207	-0.503	-1.220	-1.700	-0.651	-1.316	-0.662	0.558	4.166	12.25	14.57	7.259	0.228	-2.109	-1.990	-2.134	-1.829	-2.131	-1.973
285.0	-63.16	-36.32	-24.53	-29.02	-11.04	19.58	27.92	162.5	451.9	287.8	254.0	574.0	 2316	 4397	672.8	19.95	-3.508	-4.640	-5.307	-5.006	-4.231	-4.330	-3.780	-2.305	-4.925	-4.325	-3.675	-4.203	-3.312	-2.944	-4.631	-3.420	-2.265	-2.823	-3.275	-2.283	-2.562	-1.847	-2.691	-1.680	-2.088	-2.001	-1.978	-1.518	-1.943	-1.242	-1.675	-1.468	-1.599	-0.885	-1.341	-1.755	-1.199	-1.728	-1.790	-1.469	-1.374	-0.857	-0.935	-0.367	-0.041	-1.048	-1.244	-1.364	-1.194	-1.303	0.031	2.900	7.499	13.62	12.85	3.641	-1.242	-2.306	-1.366	-2.235	-1.755
290.0	-72.33	-12.98	-0.547	3.695	22.09	48.17	47.33	124.5	329.6	584.4	485.8	433.7	783.8	 2107	 3437	 2179	140.8	-3.327	-4.044	-4.284	-4.098	-3.414	-4.827	-3.020	-3.538	-2.746	-3.032	-3.386	-3.292	-3.332	-3.923	-2.725	-2.423	-2.754	-2.788	-2.368	-2.057	-2.137	-2.086	-2.061	-2.149	-2.203	-2.026	-1.961	-1.750	-1.384	-1.119	-1.328	-1.580	-0.868	-1.067	-1.400	-1.035	-1.263	-1.691	-1.282	-1.299	-0.907	-0.998	-0.971	-0.498	-0.079	-0.306	-0.036	-0.365	-0.821	-0.508	-0.246	0.682	2.834	7.132	9.040	9.422	6.910	1.603	-1.341	-1.806
295.0	-46.80	-19.72	26.22	22.67	116.0	85.72	110.3	196.1	307.1	548.8	973.9	692.9	555.3	685.4	 1182	 4229	 2614	154.5	-2.407	-2.886	-2.631	-3.358	-3.681	-2.748	-4.615	-2.195	-2.270	-3.958	-3.394	-3.338	-3.699	-2.175	-3.500	-2.776	-2.162	-1.914	-2.289	-1.984	-2.148	-2.535	-2.082	-2.145	-1.679	-1.448	-2.018	-2.034	-1.221	-0.936	-1.371	-0.942	-1.271	-1.090	-1.455	-1.173	-1.690	-1.657	-0.996	-0.830	-0.897	-1.216	-1.108	-0.821	0.215	0.625	0.956	0.267	-0.201	0.123	-0.456	0.084	0.949	1.072	1.975	7.853	13.56	10.57	2.422
300.0	-28.74	-3.938	53.29	47.87	154.4	161.2	154.1	257.1	393.1	587.4	 1012	 1143	682.4	450.2	405.0	 1698	 4364	 2010	59.43	-2.149	-3.513	-3.611	-2.556	-3.310	-4.094	-3.009	-3.392	-4.827	-2.859	-3.466	-2.704	-2.382	-3.083	-2.395	-2.487	-2.623	-1.926	-2.795	-2.331	-2.187	-1.899	-1.582	-1.736	-1.425	-1.833	-1.358	-1.709	-1.708	-0.769	-0.701	-1.120	-1.139	-1.254	-1.307	-1.599	-1.269	-0.672	-0.564	-0.893	-0.932	-0.808	-0.069	-0.114	0.378	1.500	1.322	0.453	0.412	-0.614	0.251	-0.266	-0.954	-0.683	0.777	5.406	13.36	18.13
305.0	-33.14	30.66	93.53	78.13	161.4	189.5	221.3	371.7	524.0	707.3	966.1	 1395	 1043	529.8	285.7	478.6	 2176	 4583	424.9	15.02	-0.647	-1.500	-3.158	-2.467	-3.679	-3.870	-3.473	-3.465	-3.529	-3.550	-3.594	-2.724	-2.569	-2.783	-2.647	-2.594	-1.765	-2.495	-2.342	-2.204	-2.164	-1.934	-1.403	-1.907	-1.561	-1.433	-1.273	-1.114	-1.051	-1.080	-0.691	-0.965	-1.162	-1.203	-0.729	-0.847	-0.673	-0.607	-0.808	0.219	0.059	0.075	0.392	0.506	0.703	1.451	1.673	2.081	0.365	-0.003	-0.321	-1.077	-1.087	-0.915	-0.071	2.416	11.55
310.0	17.38	106.4	129.8	116.3	229.5	269.3	330.8	551.6	792.5	 1064	 1334	 1522	 1551	979.3	435.8	252.0	589.1	 2104	 2984	 1517	112.3	0.034	-1.497	-1.829	-3.379	-3.136	-3.561	-3.993	-3.258	-3.724	-2.526	-3.343	-2.873	-2.561	-2.012	-2.754	-1.946	-1.922	-1.936	-1.715	-2.015	-2.603	-1.706	-1.973	-1.466	-1.283	-1.324	-1.008	-0.917	-0.898	-0.655	-0.809	-0.954	-0.961	-0.789	-0.576	-0.101	-0.253	-0.497	0.295	0.821	0.502	0.684	0.968	1.376	1.564	1.961	2.593	1.685	1.721	0.741	-0.151	-0.837	-1.486	-1.181	-0.458	1.322
315.0	173.3	267.5	264.8	190.8	343.0	401.2	491.7	925.1	 1384	 1717	 2263	 2409	 2169	 1768	826.7	417.1	308.4	582.1	 1060	 3557	 2311	138.9	0.027	-0.162	-3.127	-3.161	-3.377	-4.001	-3.423	-3.781	-2.793	-2.828	-2.654	-2.284	-2.454	-2.410	-2.042	-1.901	-2.117	-1.602	-1.641	-2.372	-1.794	-0.802	-1.141	-0.451	0.124	-0.011	-0.646	-1.136	-0.282	-0.943	-0.271	0.116	-0.583	-0.113	0.431	0.377	1.362	1.048	1.233	1.773	2.149	3.515	3.142	2.612	3.335	3.899	3.970	4.368	3.576	2.123	0.428	-0.208	-0.122	-0.802	-0.818
320.0	234.9	561.0	499.7	242.8	478.1	566.9	686.2	 1326	 1974	 2665	 3260	 3478	 3067	 2301	 1670	696.7	386.2	357.2	385.3	 1575	 4369	 1734	53.88	1.274	-2.219	-1.865	-2.726	-3.633	-3.246	-3.270	-2.932	-2.610	-2.184	-2.066	-2.771	-2.570	-1.458	-2.309	-2.077	-1.342	-1.766	-1.512	-1.105	-0.899	-0.106	0.265	1.639	0.416	-0.242	-0.600	-0.327	-0.340	0.223	-0.279	-0.019	-0.119	0.940	0.563	1.970	1.838	3.459	4.018	4.376	5.072	5.275	5.131	5.969	7.043	5.876	5.695	5.243	5.386	2.607	1.948	0.065	0.347	-0.557
325.0	324.8	633.6	565.0	340.1	586.9	678.7	822.5	 1571	 2302	 3159	 3873	 4057	 3487	 2484	 1853	 1034	468.1	334.1	260.6	492.0	 2284	 4156	309.8	27.89	-2.035	-2.326	-2.707	-3.048	-3.150	-3.176	-2.660	-2.521	-2.519	-2.573	-2.659	-2.393	-2.103	-2.409	-1.344	-1.034	-1.946	-1.125	-0.575	-0.402	-0.001	0.463	1.107	1.331	0.175	-0.300	-0.502	-0.456	-0.450	0.101	0.142	0.704	1.305	1.700	2.250	2.829	4.675	5.021	5.536	5.354	6.310	6.244	6.556	6.866	6.413	6.390	5.885	5.575	4.151	3.635	1.182	-0.092	-0.515
330.0	408.9	659.8	618.5	362.5	688.3	827.3	973.7	 1837	 2676	 3545	 4297	 4511	 3854	 2686	 1818	 1100	689.6	392.1	262.7	264.0	676.3	 1994	 2436	 2600	91.77	-0.382	-2.186	-2.119	-3.043	-2.984	-2.865	-2.661	-2.801	-2.431	-2.861	-1.714	-1.550	-1.579	-1.603	-1.644	-1.083	-0.915	-0.325	-0.468	0.840	1.770	1.689	1.820	0.579	0.080	-0.166	0.103	0.193	0.410	0.457	0.993	1.547	2.360	2.930	3.867	5.108	5.699	6.254	7.281	7.636	8.263	8.244	7.934	7.374	6.626	6.578	5.776	3.817	2.734	2.139	0.814	0.749
335.0	510.3	775.4	760.5	464.4	866.5	944.5	 1141	 2149	 3043	 3991	 4725	 4953	 4283	 2956	 1922	 1024	811.6	613.1	330.5	257.2	337.6	555.7	949.8	 6185	 1801	112.6	0.455	-1.402	-3.034	-2.712	-2.426	-2.352	-1.795	-1.809	-2.944	-2.317	-1.393	-1.657	-2.263	-1.737	-1.536	-0.687	-0.401	-0.331	1.740	2.732	2.301	2.299	0.484	0.162	-0.193	0.742	-0.137	0.671	1.480	1.976	2.219	2.156	3.546	4.339	5.986	7.022	7.112	8.824	8.538	9.101	9.521	8.511	7.809	7.532	6.805	5.078	3.573	2.911	1.951	0.935	1.619
340.0	488.9	746.3	731.9	503.7	898.8	 1078	 1203	 2163	 3041	 3999	 4659	 4865	 4172	 2925	 1890	949.0	685.8	717.7	448.6	293.6	273.4	263.9	310.8	 2847	 3514	 1380	50.52	-0.439	-2.468	-3.385	-3.520	-2.303	-2.286	-1.477	-1.449	-2.199	-1.805	-2.050	-2.208	-1.792	-1.540	-0.841	-0.925	-0.143	0.875	2.347	1.724	1.978	0.936	0.605	0.345	0.901	0.225	1.208	1.710	1.242	2.065	2.931	3.280	5.244	5.519	6.804	6.996	8.399	8.023	9.130	9.141	8.558	7.631	6.752	7.248	5.328	3.189	2.888	1.639	0.576	0.580
345.0	403.3	709.8	712.1	546.8	941.2	 1089	 1256	 2197	 2931	 3871	 4456	 4547	 3962	 2761	 1758	895.5	583.3	618.6	580.5	348.4	287.8	229.1	194.8	769.2	 1888	 3429	250.5	16.59	-0.946	-1.581	-3.393	-2.760	-2.187	-1.347	-2.520	-1.327	-1.855	-1.414	-2.361	-1.889	-1.650	-1.533	-0.868	-0.635	-0.077	0.937	1.751	2.138	0.707	0.425	0.408	0.326	0.610	1.301	1.741	1.603	2.455	3.121	2.900	4.072	5.340	7.101	6.725	7.338	7.734	8.166	8.368	8.206	8.098	6.765	6.637	4.925	3.778	2.401	0.877	0.418	-0.145
350.0	381.8	666.9	704.3	604.9	977.4	 1132	 1252	 2051	 2803	 3548	 4096	 4168	 3614	 2564	 1621	835.8	551.6	511.8	562.8	504.6	371.9	279.9	223.8	309.8	543.3	 1687	 2473	978.6	80.10	-0.083	-1.345	-3.026	-1.985	-2.443	-2.467	-1.812	-2.090	-1.757	-1.807	-1.512	-1.596	-1.252	-0.898	-0.648	0.098	0.716	1.789	1.571	1.298	0.689	0.736	0.459	0.896	1.153	2.075	1.888	2.669	2.941	2.908	4.135	5.320	6.405	6.182	7.091	6.587	7.600	7.369	7.211	6.421	6.327	5.734	4.128	2.603	1.995	1.270	0.555	-0.063
355.0	327.4	617.6	695.3	622.1	 1030	 1162	 1165	 1909	 2518	 3248	 3601	 3673	 3199	 2275	 1471	769.0	536.6	481.4	482.9	541.8	544.3	359.2	271.0	251.9	247.1	452.0	926.0	 2645	 1504	106.3	-0.253	-1.387	-2.467	-1.708	-1.903	-1.429	-1.648	-2.441	-1.662	-1.525	-1.741	-0.891	-1.268	-0.260	0.492	0.003	1.255	0.675	1.135	0.820	0.330	0.375	0.841	1.118	1.489	2.341	1.881	2.290	2.415	3.712	4.110	5.856	5.703	6.612	6.352	5.976	5.779	6.293	6.516	5.169	4.238	3.715	2.535	1.230	0.213	0.150	-0.009
360.0	264.9	516.8	629.4	587.6	 1021	 1139	 1164	 1800	 2308	 2968	 3270	 3296	 2874	 2054	 1336	733.6	530.0	473.2	457.4	473.0	608.9	472.0	327.5	258.7	211.8	195.7	260.3	 1201	 2850	 1359	46.30	0.460	-1.790	-1.790	-2.127	-1.859	-1.752	-1.915	-1.693	-1.577	-1.433	-1.520	-1.304	-1.173	-0.424	0.449	0.503	0.059	0.475	0.782	0.489	1.065	1.187	1.286	1.142	1.256	2.132	2.170	2.491	3.818	4.642	4.009	5.109	6.242	5.676	5.624	5.508	5.194	5.523	4.504	4.325	2.742	2.517	0.579	0.342	-0.496	-0.394
365.0	249.7	442.7	594.9	610.6	966.6	 1058	 1194	 1689	 2137	 2660	 2923	 2971	 2568	 1828	 1197	679.2	520.4	486.7	467.1	456.4	538.1	576.7	394.1	291.4	218.4	154.1	118.2	319.8	 1537	 3600	841.7	10.99	-1.755	-1.005	-1.777	-2.028	-1.965	-1.372	-1.401	-1.203	-1.909	-1.085	-1.469	-1.699	-1.017	-0.367	0.798	0.966	0.329	0.431	0.146	0.717	1.338	1.670	0.899	1.820	1.797	2.105	2.331	2.841	3.895	4.326	4.231	4.506	4.825	4.664	4.533	5.084	4.357	3.671	4.323	2.256	1.328	-0.160	0.341	-0.251	0.159
370.0	230.6	402.1	564.9	622.3	949.2	 1010	 1051	 1520	 1920	 2316	 2553	 2577	 2234	 1606	 1080	637.3	510.8	500.0	490.2	480.9	483.3	526.0	510.0	358.3	244.5	157.5	97.14	109.6	390.9	 1710	 2357	852.4	67.23	-0.592	-1.258	-1.921	-2.143	-1.325	-1.831	-1.064	-1.874	-1.472	-1.099	-1.123	-1.006	-0.081	0.305	0.145	-0.047	0.744	0.500	0.733	0.885	1.108	1.461	1.578	1.772	1.864	2.263	3.162	3.096	3.655	3.725	3.654	3.773	3.632	4.003	4.038	3.241	3.283	3.732	1.965	0.770	0.672	0.401	-0.094	-0.340
375.0	187.1	330.3	525.2	576.0	886.7	926.6	935.0	 1354	 1707	 1991	 2161	 2223	 1865	 1406	959.6	596.4	512.2	509.2	494.6	482.2	485.4	466.9	486.7	471.5	298.1	172.9	108.4	74.37	117.5	403.1	827.8	 2393	 1294	79.62	-0.728	-0.939	-1.496	-1.612	-1.297	-1.320	-1.608	-1.682	-1.481	-1.054	-1.234	-0.277	-0.111	-0.416	0.355	0.528	0.485	0.917	0.746	0.291	1.073	1.178	1.359	2.411	1.828	2.330	2.784	1.961	3.248	3.647	3.374	2.869	3.111	3.089	2.289	2.505	2.670	1.852	0.659	0.125	0.313	0.305	-0.349
380.0	128.7	323.4	538.1	576.4	853.3	889.8	867.4	 1213	 1471	 1770	 1858	 1956	 1693	 1230	876.8	583.4	504.8	512.0	495.4	489.7	477.2	451.3	417.9	468.9	374.3	200.7	121.2	72.67	61.16	114.0	209.0	 1087	 2602	994.2	34.52	0.155	-1.357	-1.765	-1.806	-2.167	-1.236	-1.553	-1.110	-1.396	-0.838	-0.539	-0.561	-0.398	0.481	0.194	0.283	0.874	0.339	1.439	1.047	0.966	0.860	1.165	1.837	1.383	2.323	1.496	2.398	2.632	2.385	2.317	2.317	2.607	2.166	1.852	1.977	0.277	0.670	0.623	0.015	0.407	-0.003
385.0	106.6	265.6	494.6	542.3	781.3	848.2	811.8	 1093	 1333	 1590	 1656	 1697	 1491	 1120	818.3	559.8	490.1	507.7	495.7	487.8	473.7	436.9	394.1	402.3	406.4	254.0	131.2	78.60	57.75	51.40	68.78	271.5	 1419	 2412	623.3	7.935	-0.905	-1.444	-1.546	-2.011	-1.549	-1.768	-0.928	-1.364	-0.711	-0.552	-0.468	0.462	0.684	0.358	0.451	0.853	0.952	0.963	0.910	0.866	0.279	1.327	1.482	1.198	1.588	1.652	1.865	1.854	2.589	2.187	2.151	1.783	2.133	1.627	1.744	0.876	0.366	0.274	0.085	0.083	-0.254
390.0	78.24	250.5	385.4	509.7	707.4	759.5	715.1	968.1	 1166	 1329	 1437	 1464	 1268	 1002	736.8	523.0	481.1	499.7	489.4	475.4	463.3	415.2	372.6	339.1	334.9	308.1	186.8	99.24	67.00	47.35	40.18	78.57	352.9	 1165	 1860	661.4	52.01	-0.335	-0.951	-1.092	-1.793	-1.773	-1.907	-1.053	-0.953	-0.711	-0.448	-0.352	0.014	0.231	0.200	0.802	-0.024	0.504	0.358	0.424	0.361	0.589	1.179	1.019	1.221	1.271	1.238	1.732	1.166	0.887	1.245	1.863	1.775	0.829	0.762	0.782	0.078	0.621	-0.287	-0.201	-0.276
395.0	78.19	201.3	347.9	472.3	649.1	679.6	621.5	812.5	997.8	 1112	 1203	 1260	 1116	868.1	666.4	493.2	467.0	483.6	478.1	461.9	438.1	392.6	352.1	312.7	276.3	259.5	264.9	142.0	81.63	57.14	44.92	43.99	94.94	272.7	678.5	 2476	 1001	64.47	-0.350	-1.135	-1.428	-1.274	-1.241	-0.712	-0.953	-0.697	-0.504	-0.400	-0.414	0.111	0.183	0.491	0.230	-0.025	0.621	0.558	-0.047	0.537	0.125	0.609	0.883	0.433	1.001	1.252	1.349	0.585	1.270	1.211	1.052	0.690	0.048	1.084	0.030	0.258	-0.310	-0.102	-0.588
400.0	38.84	162.0	290.4	433.4	596.3	640.6	558.8	734.7	848.9	982.8	 1046	 1080	962.5	779.2	607.4	477.7	451.7	472.7	452.5	447.1	416.0	368.4	334.0	312.5	258.8	216.0	253.8	202.6	102.5	66.80	49.14	42.63	44.42	78.85	167.9	 1150	 2045	811.3	24.37	-1.098	-1.252	-1.707	-1.475	-1.275	-1.177	-1.250	-0.668	-0.689	-0.248	-0.100	0.421	0.472	0.504	0.372	0.396	0.123	0.169	0.260	0.028	0.298	0.539	0.087	0.852	1.044	0.627	1.003	0.891	1.358	0.580	0.547	0.329	0.302	-0.121	0.025	-0.711	-0.305	-0.732
405.0	-9.454	142.7	306.8	378.0	546.8	589.3	526.5	673.4	751.9	876.1	929.9	947.4	858.2	700.7	558.8	430.4	435.0	444.3	437.6	421.8	403.0	345.8	319.6	303.2	238.6	198.3	203.6	232.9	154.9	81.96	59.66	48.35	41.12	38.23	56.63	288.6	 1119	 2163	144.7	7.216	-0.571	-1.215	-1.316	-1.466	-1.553	-0.950	-0.974	-0.591	-0.446	-0.469	0.404	-0.116	0.008	0.132	0.297	0.026	0.307	-0.496	0.262	0.059	0.157	0.524	0.717	0.341	-0.005	-0.196	-0.042	1.364	0.264	0.315	0.215	-0.423	-0.137	-0.139	-0.531	-0.522	-0.175
410.0	-21.30	135.0	246.5	356.2	473.2	519.8	466.5	591.4	654.8	769.6	795.5	812.3	739.8	612.0	505.0	407.4	399.6	419.1	409.1	398.6	367.9	325.0	291.1	295.3	218.7	187.5	166.9	179.9	193.1	134.6	77.15	56.04	45.22	37.25	35.41	83.95	284.1	 1093	 1364	568.0	45.24	-0.585	-0.887	-1.514	-1.143	-0.742	-0.838	-0.662	-0.082	-0.331	-0.031	-0.292	0.016	-0.516	-0.216	-0.462	0.375	-0.592	0.115	-0.034	-0.113	0.025	0.341	0.114	-0.099	0.077	-0.441	0.936	0.260	0.140	0.065	-0.297	-0.351	-0.373	-0.283	-0.414	-0.249
415.0	-16.01	91.33	219.8	288.4	392.8	454.0	406.5	520.6	570.5	639.7	686.1	684.0	595.6	510.5	444.6	369.3	369.7	385.5	385.5	365.0	335.3	297.5	259.2	274.1	201.8	175.3	157.6	139.3	150.3	182.6	116.4	69.17	48.68	40.41	33.24	40.50	80.02	255.8	502.5	 1446	883.5	53.74	-0.420	-0.764	-0.703	-1.394	-0.851	-0.740	-0.563	-0.245	-0.686	-0.131	-0.405	-0.260	-0.455	-0.482	-0.593	-0.756	-0.317	-0.575	-0.054	-0.516	-0.419	-0.094	-0.153	-0.315	-0.093	-0.284	-0.239	-0.835	0.004	-0.254	-0.642	-0.788	-0.794	-0.682	-0.884
420.0	-38.22	56.29	186.4	270.9	385.9	412.6	362.3	464.2	511.3	555.7	593.1	578.2	551.8	462.5	397.2	335.3	336.2	352.7	346.9	341.9	311.2	270.5	233.3	261.0	181.5	161.1	148.7	125.9	122.7	153.8	150.3	86.77	52.83	43.64	37.24	31.42	35.58	71.68	124.8	654.1	 1730	660.9	15.86	-0.609	-0.780	-1.470	-0.899	-0.761	-0.637	-0.145	-0.458	-0.249	-0.709	-0.272	-0.410	-0.233	-0.430	-0.776	-0.418	-0.379	-0.357	-0.235	-0.516	-0.795	0.468	-0.304	-0.495	0.169	-0.455	-0.742	-0.735	-0.627	-0.975	-1.074	-0.543	-0.724	-0.541
425.0	-25.13	36.38	139.3	266.3	393.9	394.7	326.8	429.7	473.7	492.8	524.0	520.0	501.0	433.2	364.1	312.3	313.8	336.7	317.1	309.0	283.7	242.3	214.4	242.6	173.2	158.2	145.1	126.4	114.1	121.9	161.1	118.4	59.62	47.87	40.00	34.89	28.57	31.73	39.08	165.1	935.0	 1625	129.3	3.368	-1.043	-1.062	-0.735	-0.819	-1.024	0.042	-0.456	-0.305	-0.299	-0.410	-0.738	-0.453	-0.451	-0.409	-0.712	-1.281	-0.630	-0.402	-0.574	-0.210	-0.426	-0.526	-0.614	-0.535	-1.159	-0.874	-0.537	-0.813	-0.637	-0.767	-0.633	-0.492	-0.883
430.0	37.19	5.547	120.5	249.4	331.7	349.7	301.4	399.7	424.3	464.9	462.1	479.9	446.5	375.5	334.5	294.0	291.1	301.0	287.9	280.6	258.2	219.8	195.3	220.8	163.4	146.1	135.5	119.7	109.0	103.8	120.0	140.6	97.94	57.69	41.74	35.88	30.38	25.56	21.26	46.71	230.8	805.4	 1023	489.1	38.27	-0.616	-0.467	-1.116	-0.663	-0.242	-0.422	-0.644	-0.270	-1.093	-0.892	-0.201	-0.701	-0.433	-0.661	-1.038	-0.532	-0.382	-0.545	-0.580	-0.609	-0.607	-0.570	-0.549	-1.131	-1.017	-0.638	-0.799	-1.044	-0.743	-0.888	-0.761	-1.059
435.0	102.9	37.48	96.14	211.8	312.0	298.9	273.6	347.6	362.9	397.7	423.2	423.9	386.3	341.7	302.2	263.6	273.6	276.1	257.9	254.4	230.5	189.7	181.0	211.6	144.8	139.1	132.6	118.5	108.0	98.45	97.22	107.8	124.8	87.99	48.27	40.10	31.88	26.03	19.27	20.68	58.16	185.5	412.9	 1317	779.1	43.32	-0.376	-0.146	-0.797	-0.748	-0.537	-0.632	-0.092	-1.258	-0.634	-0.668	-0.463	-0.205	-0.570	-0.943	-0.994	-1.363	-0.713	-0.747	-0.552	-0.771	-0.778	-0.725	-0.853	-0.788	-1.339	-0.961	-1.293	-1.081	-0.781	-0.933	-1.138
440.0	126.4	84.01	83.88	200.1	305.0	269.6	274.2	328.4	327.2	351.4	374.5	398.7	339.2	307.6	278.1	237.9	252.9	255.5	241.5	236.4	210.9	176.3	165.0	196.1	138.8	130.0	122.2	115.4	104.3	99.37	89.85	87.83	104.6	110.5	60.88	39.30	33.40	25.61	21.11	15.89	20.22	47.10	98.71	635.1	 1599	593.3	10.94	-0.187	-0.910	-0.965	-0.491	-0.733	-0.887	-1.474	-0.795	-0.945	-1.018	-1.166	-0.930	-0.990	-0.877	-1.075	-1.012	-0.504	-0.759	-1.024	-0.754	-0.572	-0.812	-1.511	-1.098	-0.596	-1.082	-0.703	-0.802	-0.946	-1.205
445.0	85.95	301.8	87.46	150.4	257.7	255.8	242.0	280.5	332.2	325.3	355.2	363.7	327.2	279.6	252.1	223.4	226.6	234.1	221.7	208.0	194.7	168.3	151.6	183.7	127.8	126.1	117.4	108.8	101.8	92.99	87.82	81.62	79.96	111.0	82.78	44.17	34.46	27.50	21.76	16.05	12.94	16.13	26.11	157.4	915.3	 1678	102.6	2.449	-0.220	-0.616	-0.145	-0.977	-0.765	-1.109	-0.905	-1.410	-0.504	-0.689	-1.031	-0.760	-1.011	-0.924	-0.681	-0.434	-1.315	-1.081	-1.069	-0.890	-0.877	-0.863	-1.157	-0.957	-0.779	-0.574	-1.110	-1.185	-1.362
450.0	-19.55	439.6	288.2	150.0	219.1	236.0	225.6	259.5	284.0	308.8	297.1	319.6	288.9	246.9	224.7	201.2	201.1	208.4	195.3	191.1	168.8	148.3	135.1	164.2	116.6	113.9	111.9	104.2	96.98	88.73	80.18	77.59	69.18	78.59	90.91	65.64	39.81	27.80	21.85	17.65	12.57	10.91	10.55	39.10	225.8	916.9	947.2	400.9	24.32	-0.134	-0.152	-0.602	-0.878	-0.941	-1.079	-0.989	-0.464	-1.036	-1.043	-1.163	-1.182	-0.737	-1.131	-0.952	-1.131	-0.662	-1.135	-1.026	-0.611	-0.880	-1.488	-1.235	-0.967	-0.723	-1.220	-1.560	-1.336
455.0	-35.94	207.9	797.2	182.2	197.4	198.1	193.7	226.8	256.4	260.1	259.0	283.7	254.4	222.1	202.9	178.3	173.8	181.9	177.1	164.1	147.1	127.8	119.7	140.2	108.2	104.0	101.4	97.51	89.87	81.88	80.03	70.23	61.57	56.70	62.88	80.09	56.99	31.05	24.26	18.43	13.93	10.35	8.017	14.12	53.62	208.4	413.1	 1262	538.2	17.59	-0.674	-0.530	-1.032	-0.525	-1.051	-0.913	-1.009	-1.064	-1.214	-0.590	-0.719	-0.963	-1.143	-1.523	-1.302	-0.919	-1.039	-0.852	-0.969	-1.485	-1.320	-1.370	-1.320	-0.971	-1.440	-1.523	-1.127
460.0	-44.93	31.29	976.9	493.2	175.9	186.9	171.3	211.1	233.2	229.6	245.5	248.2	237.2	210.2	177.1	164.0	164.1	162.2	151.2	147.6	136.2	115.5	107.0	129.2	96.35	94.10	93.40	93.86	82.93	79.46	74.45	67.61	56.34	51.75	47.69	68.15	69.06	37.87	23.14	19.00	14.90	10.92	7.351	6.921	15.33	49.00	100.1	674.2	 1283	87.04	5.099	-0.527	-0.417	-0.343	-0.902	-0.783	-0.936	-1.146	-0.985	-0.859	-1.159	-0.978	-0.932	-1.068	-0.838	-1.265	-1.184	-1.283	-1.259	-1.208	-1.348	-1.024	-1.222	-1.279	-1.313	-1.060	-1.312
465.0	-53.05	15.82	644.6	 1119	152.6	194.4	150.6	194.2	202.7	213.7	219.5	227.7	208.6	172.4	156.3	142.5	140.6	143.8	141.5	137.3	119.6	102.3	94.55	117.6	82.58	88.28	87.45	83.68	80.16	74.71	71.71	64.40	54.12	48.35	41.54	49.43	67.25	49.36	26.78	19.61	16.38	10.69	9.586	6.314	7.899	14.07	24.58	171.0	870.8	929.9	76.56	1.249	-0.645	-0.560	-1.037	-1.026	-0.730	-1.329	-0.983	-0.724	-0.983	-0.808	-1.147	-1.678	-1.501	-1.292	-1.270	-1.381	-1.277	-1.038	-1.294	-1.431	-1.038	-1.587	-1.718	-1.647	-1.710
470.0	-69.01	-10.28	193.3	 1302	686.1	150.8	141.2	166.1	182.8	183.5	185.5	201.5	180.7	147.7	129.7	125.9	128.9	122.7	120.5	114.0	103.9	90.53	81.70	102.2	74.56	77.37	80.87	74.23	73.13	68.32	64.30	57.69	50.28	44.74	39.28	39.02	47.42	54.83	39.29	21.65	14.30	11.88	9.516	7.780	6.464	6.545	8.252	40.47	222.5	600.2	644.9	291.9	13.51	-0.789	-0.873	-0.760	-0.592	-1.149	-1.145	-1.241	-1.360	-0.959	-1.081	-1.470	-1.347	-1.421	-1.251	-1.271	-1.131	-1.543	-1.332	-1.540	-1.280	-1.340	-1.679	-1.574	-1.734
475.0	-83.02	-27.36	33.35	629.1	 1589	239.4	114.8	157.1	161.0	172.0	156.5	180.4	151.7	126.2	113.5	108.4	106.4	103.7	102.2	93.85	83.19	78.47	67.35	86.12	66.73	68.71	69.24	65.75	64.42	60.15	56.26	51.75	45.47	40.66	36.73	32.99	32.88	40.64	49.12	30.42	15.18	11.74	10.26	7.464	6.460	4.408	4.461	11.97	51.68	136.8	301.2	816.3	308.2	8.107	-0.703	-1.091	-0.811	-1.237	-0.847	-1.285	-1.446	-1.242	-1.016	-1.026	-1.406	-1.142	-1.479	-1.480	-1.374	-1.451	-1.932	-1.387	-1.604	-1.441	-1.179	-1.659	-1.385
480.0	-108.2	-41.09	9.105	192.8	 1566	694.1	110.4	152.2	132.8	152.4	145.5	154.1	135.4	116.5	101.7	93.50	101.3	91.36	93.15	84.63	72.47	69.38	61.87	74.55	62.22	58.94	65.18	58.59	58.45	55.71	52.22	49.78	42.47	39.60	35.98	30.93	27.30	29.84	43.00	38.74	19.52	12.95	8.573	7.248	6.875	4.899	4.531	5.432	12.83	32.56	73.53	469.4	760.4	93.04	1.925	-0.833	-1.219	-0.933	-1.572	-1.108	-1.183	-1.288	-1.199	-1.053	-1.230	-1.227	-1.749	-1.263	-1.347	-1.293	-1.303	-1.607	-1.713	-1.071	-1.278	-1.200	-1.331
485.0	-92.43	-33.85	-3.738	49.14	980.2	 1461	130.3	114.6	112.1	139.7	133.8	131.9	124.8	101.7	92.89	85.57	90.47	84.93	77.49	77.26	67.11	64.60	57.08	66.65	54.31	54.23	59.67	54.28	54.38	54.29	51.22	47.24	40.45	36.22	32.50	31.42	25.55	25.77	30.18	37.48	27.54	12.76	9.079	7.462	7.326	4.711	4.996	3.415	5.491	8.902	17.94	125.4	547.8	633.7	63.59	-0.583	-0.890	-0.777	-1.756	-1.036	-0.975	-1.492	-1.101	-1.352	-1.625	-1.081	-2.052	-1.388	-1.640	-1.810	-1.617	-1.724	-1.157	-1.640	-1.559	-1.817	-1.860
490.0	-73.31	-60.36	-22.20	27.12	343.2	 1642	760.4	101.5	101.7	121.9	119.3	120.3	109.1	88.69	83.80	76.18	78.49	78.00	71.44	65.34	58.99	57.05	50.14	60.23	47.14	48.85	51.56	49.47	49.76	49.56	45.77	43.40	36.75	35.24	30.33	28.47	25.72	22.77	22.78	27.55	32.20	21.91	10.78	8.146	6.434	5.223	4.731	3.460	3.504	4.458	5.354	29.40	142.7	428.8	540.1	213.0	10.34	-0.770	-1.433	-1.184	-1.035	-1.603	-1.331	-0.951	-1.462	-1.484	-1.304	-1.435	-1.226	-1.539	-1.591	-2.103	-1.501	-1.581	-1.514	-1.707	-1.826
495.0	-60.37	-45.73	-16.40	-5.020	127.6	798.5	 1758	219.3	94.91	101.3	107.9	89.16	85.01	81.53	72.33	61.92	65.82	63.51	58.47	56.79	51.19	47.08	43.07	52.13	40.67	43.71	44.01	45.55	44.56	42.19	41.58	38.23	36.13	29.77	26.76	26.31	23.22	20.34	19.41	19.44	24.38	27.63	17.94	9.425	6.906	5.764	4.777	3.550	3.100	3.129	2.956	7.989	32.80	98.75	277.1	670.1	104.6	7.100	-0.573	-1.356	-1.402	-1.369	-1.885	-1.131	-1.261	-1.421	-1.887	-1.659	-1.278	-1.383	-1.619	-1.821	-1.619	-0.859	-1.596	-1.664	-1.888
500.0	-58.54	-57.33	-15.32	8.024	58.21	263.2	 1844	747.3	84.24	80.04	90.74	92.72	80.99	68.31	68.45	56.98	56.98	57.72	48.32	51.28	46.63	41.01	39.91	44.31	36.94	39.33	39.11	40.08	40.16	37.81	37.96	34.58	33.27	27.12	27.43	24.62	21.79	19.44	17.11	15.88	16.30	25.82	23.07	11.28	6.962	5.654	4.921	4.037	3.517	3.115	2.178	2.801	8.507	23.07	68.49	404.9	693.7	90.50	1.514	-0.785	-1.169	-1.184	-1.076	-1.224	-1.400	-1.601	-1.805	-1.956	-1.250	-1.690	-1.752	-1.361	-1.398	-1.112	-1.807	-1.614	-2.036
505.0	-78.27	-57.44	-29.69	22.79	38.30	81.57	 1187	 1637	107.3	89.58	84.11	77.53	70.90	62.98	56.63	52.12	46.15	50.23	43.77	44.63	40.38	37.17	35.86	40.01	36.62	33.62	38.75	34.58	38.14	33.93	34.25	32.44	29.95	25.35	23.00	21.98	20.54	17.99	17.38	13.55	13.51	17.80	22.66	15.96	6.843	5.501	4.920	3.556	3.258	3.147	2.267	2.471	3.530	5.943	15.93	108.5	558.8	640.3	65.40	-0.238	-1.145	-1.053	-1.395	-1.300	-1.359	-1.858	-0.869	-1.707	-1.624	-1.388	-1.338	-1.509	-1.458	-1.555	-1.470	-1.935	-1.250
510.0	-91.60	-64.47	-36.11	23.57	33.91	36.41	373.3	 1877	777.9	79.05	70.42	71.51	62.62	51.28	45.39	43.64	40.54	41.49	39.09	37.50	33.41	31.04	30.93	32.31	29.99	29.06	32.45	32.26	29.70	30.93	29.50	26.80	24.14	22.97	19.60	19.46	17.22	16.34	14.27	12.42	11.67	11.69	17.40	18.32	12.23	6.163	5.033	3.413	3.157	3.091	2.443	1.564	2.529	2.251	4.003	24.58	149.4	446.7	489.1	170.9	7.501	-1.120	-1.523	-1.544	-1.215	-1.647	-1.162	-1.853	-1.641	-1.748	-1.812	-1.505	-2.007	-1.305	-1.878	-2.020	-1.647
515.0	-96.52	-74.15	-55.57	17.95	45.84	11.45	102.4	859.8	 1907	195.1	66.27	57.44	52.44	44.66	39.22	32.87	35.87	34.67	34.69	30.90	30.53	24.83	24.25	28.44	27.26	25.73	26.15	27.21	23.53	26.25	24.26	22.64	20.31	19.76	16.42	16.84	15.15	13.74	12.11	11.42	10.32	9.499	10.29	14.68	16.08	9.078	4.560	3.633	2.966	2.657	2.250	2.178	1.783	1.025	1.583	6.017	34.13	101.4	247.1	555.2	100.3	4.486	-1.336	-1.614	-0.858	-1.523	-1.783	-1.525	-1.806	-1.574	-1.514	-1.896	-1.683	-1.593	-1.915	-2.027	-1.557
520.0	-46.69	-74.03	-65.42	-16.98	21.39	22.63	38.49	276.2	 1924	663.7	50.54	48.14	43.60	39.72	39.13	30.86	29.24	28.13	29.13	27.21	25.97	20.19	18.22	26.17	23.24	21.21	20.38	23.83	19.63	22.19	21.04	19.87	16.99	16.46	15.54	15.07	12.96	11.54	12.63	9.642	10.16	7.994	8.453	9.476	15.26	12.82	5.311	4.097	3.878	2.660	2.744	2.052	1.651	1.110	1.024	2.146	7.671	23.05	60.55	339.5	508.7	82.61	-0.511	-1.757	-1.227	-1.396	-1.866	-1.204	-1.544	-1.038	-1.793	-1.839	-1.682	-1.665	-1.991	-2.175	-1.654
525.0	-70.51	-53.85	-48.72	-36.86	8.963	34.77	16.51	84.83	 1185	 1348	71.24	54.21	34.91	33.51	31.31	23.87	24.65	27.41	21.59	22.71	20.90	15.20	18.58	20.74	17.58	20.65	20.54	19.65	18.70	21.18	17.22	17.50	16.18	15.75	13.09	12.80	12.05	11.13	10.15	10.01	8.454	7.681	6.884	6.098	10.70	13.76	7.596	4.173	3.064	2.928	2.363	2.179	1.634	1.040	0.616	0.675	1.456	5.272	13.17	90.95	397.2	505.9	52.02	-1.462	-1.669	-1.506	-1.618	-1.756	-1.111	-1.523	-1.766	-1.354	-1.851	-1.765	-1.592	-1.980	-1.887
530.0	-109.4	-60.16	-52.25	-37.56	-3.366	36.34	12.38	31.24	361.5	 1412	527.7	45.70	28.21	27.57	22.05	20.46	21.17	20.70	18.94	18.45	19.23	16.63	16.11	16.77	15.78	17.16	17.41	16.90	17.47	17.55	16.69	14.88	13.76	12.96	12.09	10.70	10.79	8.800	8.358	7.742	7.618	6.328	5.920	4.837	6.341	10.55	10.93	6.691	3.043	2.348	1.772	1.661	1.141	0.996	0.902	0.384	0.526	0.917	2.909	19.81	105.1	366.0	368.7	140.1	3.861	-1.459	-1.726	-1.901	-1.541	-1.504	-1.825	-1.280	-2.007	-1.698	-1.507	-1.463	-1.829
535.0	-64.68	-101.8	-47.04	-42.68	-20.85	34.34	8.770	8.783	96.56	596.1	 1228	108.4	19.74	25.29	19.88	15.90	16.72	14.06	15.45	15.65	15.42	12.16	12.60	14.20	12.98	11.24	14.70	13.44	11.65	14.35	12.74	12.69	11.84	9.970	10.01	8.443	8.239	7.774	7.423	5.691	6.174	5.254	4.062	4.349	4.556	5.757	8.984	9.602	4.713	1.949	1.431	0.993	1.079	0.990	0.807	0.852	0.172	0.427	0.064	3.754	23.07	82.10	189.0	466.1	92.27	1.495	-1.674	-1.135	-1.745	-1.501	-1.687	-1.827	-1.922	-2.032	-2.155	-1.611	-2.009
540.0	-74.14	-85.83	-50.07	-33.02	-9.752	-0.409	16.47	6.484	39.36	180.8	 1210	381.6	14.78	16.78	18.34	18.31	12.32	15.25	11.01	13.31	9.775	10.63	12.60	9.913	10.98	11.08	13.08	13.67	10.62	13.53	11.34	9.583	10.36	9.263	7.773	7.875	6.964	6.998	6.157	4.838	5.088	4.235	4.078	3.787	3.290	4.455	6.761	9.219	6.654	2.045	1.248	0.787	0.419	0.321	0.516	0.067	-0.563	-0.018	-0.909	0.675	4.498	17.72	45.59	279.7	367.3	67.70	-0.882	-1.382	-1.790	-1.882	-1.956	-1.888	-1.918	-2.015	-2.078	-1.947	-2.388
545.0	-94.72	-80.46	-64.18	-49.63	-19.79	-21.49	33.52	19.50	26.25	60.55	701.2	862.9	23.69	11.00	12.43	12.02	11.51	12.63	11.26	10.31	9.013	7.595	9.464	9.180	9.696	8.866	10.18	11.32	10.08	11.18	9.593	8.816	10.25	9.319	7.351	7.888	6.471	5.849	5.388	4.223	3.651	4.406	2.905	3.112	2.881	2.858	3.740	7.584	8.121	3.488	1.034	0.455	0.989	0.021	0.483	0.507	-0.442	-0.350	-0.396	-0.770	-0.018	2.993	9.404	74.55	285.6	284.5	37.06	-1.342	-1.934	-1.644	-1.434	-1.810	-1.674	-2.187	-1.945	-1.978	-1.393
550.0	-105.4	-102.0	-77.50	-51.76	-37.57	-20.36	22.66	37.61	14.01	23.24	201.9	920.1	323.9	12.65	9.642	10.08	8.989	9.365	8.955	7.670	7.718	4.469	6.980	7.643	7.353	6.585	7.719	7.174	7.837	7.744	7.733	7.189	7.198	7.035	5.423	5.765	4.217	4.326	4.134	3.699	3.026	2.591	2.343	2.108	2.240	1.725	2.027	3.602	5.882	5.516	2.540	0.819	0.471	0.013	0.082	-0.315	-0.412	0.102	-0.563	-0.840	-0.605	-0.320	1.222	15.77	74.44	191.2	242.2	56.33	1.639	-1.583	-1.555	-1.678	-2.082	-1.862	-1.717	-2.051	-1.755
555.0	-99.76	-104.8	-55.46	-52.16	-51.71	-20.35	-2.370	68.07	15.93	11.43	58.01	376.8	790.9	51.51	3.501	4.989	2.838	4.475	5.904	3.937	4.283	3.207	3.041	4.247	4.994	4.451	4.207	4.564	5.611	5.762	5.237	4.830	4.631	4.993	3.661	4.321	2.979	3.599	2.774	2.478	2.102	1.816	1.766	1.926	1.064	0.891	1.210	1.353	2.671	4.472	4.318	0.636	0.517	-0.383	0.010	-0.510	-0.965	-0.400	-0.286	-0.957	-0.654	-0.870	-0.548	2.728	15.31	42.10	118.4	242.0	77.87	0.722	-1.601	-1.973	-1.984	-2.215	-2.043	-1.366	-1.941
560.0	-108.2	-100.3	-52.91	-54.16	-28.67	-38.04	-14.28	47.18	31.26	9.913	27.74	112.3	809.7	250.3	0.380	3.112	2.580	3.463	4.632	2.700	1.704	2.044	4.541	3.824	1.687	2.776	4.617	3.513	4.632	3.665	3.605	4.458	3.800	2.181	3.166	2.356	2.025	2.713	2.813	1.767	1.623	0.684	0.750	0.252	0.932	0.383	1.008	0.616	1.346	2.702	4.322	1.816	0.378	-0.325	-0.719	-0.357	-1.055	-0.571	-0.628	-1.259	-1.428	-0.898	-1.096	-0.280	1.871	8.393	27.45	139.5	216.5	48.62	-0.983	-1.920	-1.921	-1.602	-1.884	-1.691	-2.048
565.0	-114.6	-93.99	-65.91	-39.17	-48.47	-34.26	-9.609	9.325	39.65	10.21	15.26	41.98	461.8	577.2	8.752	-0.753	1.775	0.913	4.030	2.477	-0.083	2.947	4.062	1.478	-0.129	1.921	4.040	2.453	1.114	3.090	1.938	3.194	2.310	2.825	2.793	1.622	1.466	0.886	1.120	1.250	1.141	-0.073	0.749	-0.280	0.517	0.767	0.856	0.672	0.262	1.052	3.308	2.543	0.880	-0.385	-0.824	-0.736	-0.820	-0.526	-0.654	-0.814	-1.584	-0.551	-0.927	-0.504	-0.824	1.199	4.685	36.36	157.3	176.5	22.27	-1.758	-2.076	-1.725	-1.906	-1.262	-2.004
570.0	-90.58	-96.10	-63.10	-59.98	-40.90	-29.27	-17.27	1.234	49.46	16.64	18.49	25.68	136.0	632.3	227.4	1.623	-1.715	-1.698	1.445	-0.494	0.288	1.020	1.584	0.195	-0.512	0.496	2.248	1.246	-0.106	1.918	1.837	1.429	1.339	1.696	1.355	1.098	1.201	1.082	0.320	0.440	0.438	0.094	0.307	-0.326	0.083	-0.210	-0.072	-0.181	-0.077	0.244	1.017	1.896	0.982	0.039	-0.440	-0.686	-1.056	-1.307	-1.383	-0.969	-1.292	-0.885	-1.519	-1.060	-1.480	-1.010	-0.021	6.983	40.40	112.7	121.8	43.12	-0.030	-1.915	-1.831	-1.647	-1.885
575.0	-97.32	-100.9	-53.15	-57.34	-45.35	-31.92	-23.85	-9.292	31.04	58.89	20.12	32.63	39.06	255.6	614.5	35.64	-2.928	-3.747	0.421	-0.817	0.105	-1.165	-0.189	-0.695	-1.607	0.629	2.353	0.234	-0.446	0.202	1.342	-0.199	-0.295	0.223	0.697	1.016	0.403	0.812	0.438	0.262	0.269	-0.206	-0.450	-0.668	-0.430	-0.466	0.016	-0.898	-0.202	-0.338	0.179	0.463	1.196	-0.026	-0.820	-1.255	-1.440	-1.521	-1.287	-1.045	-1.235	-1.044	-1.069	-1.435	-1.177	-1.500	-1.079	0.481	7.633	24.44	62.21	142.7	47.09	-0.705	-1.588	-2.070	-2.008
580.0	-90.63	-95.88	-68.86	-33.80	-16.98	-41.51	-22.30	-14.21	8.275	70.27	36.96	27.78	24.64	72.87	636.7	195.1	-2.844	-2.622	0.204	-1.250	-2.230	-1.675	-1.304	-0.276	-0.690	-0.588	0.515	-1.385	-1.249	-0.455	0.518	-0.619	0.009	-0.174	0.146	0.525	0.342	-0.190	0.223	-0.347	-0.579	-0.559	-0.903	-0.918	-0.759	-1.191	-0.055	-0.992	-0.689	-0.443	-0.372	-0.514	-0.025	0.651	-0.212	-1.240	-1.336	-0.863	-1.474	-1.293	-1.035	-1.412	-1.514	-1.608	-1.411	-1.241	-1.780	-1.237	0.214	4.421	13.56	80.63	114.9	28.10	-1.754	-1.893	-1.848
585.0	-99.69	-109.2	-55.95	-36.06	-43.19	-27.70	-26.00	-15.90	0.250	50.54	56.41	29.92	24.09	19.22	364.0	447.5	3.286	-3.957	-1.035	-2.086	-2.689	-2.271	-2.073	-1.270	-2.304	-1.709	0.698	-1.344	-1.449	-1.758	-1.664	-0.336	-0.602	-1.254	-0.264	0.368	-0.633	-0.201	-0.321	-0.821	-0.986	-0.526	-0.975	-0.533	-0.686	-1.669	-0.634	-1.054	-0.675	-0.865	-0.619	-0.611	-0.576	0.406	0.169	-0.756	-1.524	-0.921	-1.110	-1.471	-1.290	-1.023	-1.120	-1.693	-1.412	-0.878	-1.413	-1.840	-1.413	-0.360	1.697	19.49	87.25	99.17	12.19	-1.446	-2.073
590.0	-107.3	-79.46	-62.00	-53.75	-38.50	-31.14	-21.93	-12.09	9.062	34.53	71.22	36.12	26.43	11.89	98.80	487.8	173.7	-3.541	-3.452	-3.950	-2.936	-2.887	-2.495	-2.356	-2.306	-1.998	-1.191	-1.408	-1.337	-1.426	-1.092	-0.866	-1.596	-1.488	-1.042	-0.666	-0.883	-0.733	-1.166	-1.595	-0.819	-1.214	-1.056	-0.910	-1.380	-1.075	-1.172	-1.085	-0.812	-0.857	-0.785	-1.357	-1.025	-0.216	0.043	-0.198	-1.230	-1.171	-1.508	-1.391	-1.414	-1.370	-1.590	-1.280	-0.992	-1.407	-1.278	-1.850	-1.516	-1.522	-0.663	3.250	21.38	62.15	78.18	26.16	-0.546
595.0	-111.1	-75.78	-60.78	-44.21	-35.00	-27.28	-16.70	-16.99	8.603	24.83	72.26	56.61	29.43	13.35	24.23	183.2	429.1	23.21	-4.978	-2.815	-4.120	-3.637	-2.535	-2.876	-3.677	-2.245	-2.144	-2.566	-2.140	-1.379	-1.078	-1.592	-1.681	-2.065	-1.846	-1.244	-1.325	-1.609	-1.100	-1.495	-0.986	-1.405	-1.284	-0.650	-0.885	-1.436	-0.971	-1.281	-1.108	-0.811	-1.205	-1.225	-1.081	-1.094	-0.512	-0.291	-0.852	-1.126	-1.871	-1.298	-1.326	-1.340	-1.882	-1.432	-1.144	-1.308	-1.607	-1.688	-1.594	-1.381	-1.421	-0.468	2.898	12.92	36.03	86.14	30.57
600.0	-110.9	-93.27	-59.03	-61.68	-38.45	-22.82	-24.55	-9.091	2.867	27.22	48.86	83.93	29.76	17.71	10.35	44.07	403.2	147.7	-4.943	-3.029	-5.758	-3.202	-3.192	-2.572	-2.981	-2.062	-3.599	-2.878	-3.462	-1.608	-1.961	-1.769	-2.367	-1.500	-1.500	-1.611	-1.176	-2.029	-1.020	-1.588	-1.313	-1.767	-1.388	-1.470	-1.545	-1.264	-0.936	-0.982	-1.050	-0.953	-0.966	-1.178	-1.061	-0.466	-1.206	-1.151	-0.553	-1.204	-1.998	-1.838	-1.364	-1.226	-2.144	-1.494	-1.702	-1.302	-2.036	-1.919	-1.291	-1.800	-2.004	-1.791	-0.839	2.147	7.563	47.41	82.61
605.0	-85.56	-98.39	-42.56	-54.78	-37.45	-25.22	-25.18	2.770	9.588	28.17	42.23	93.33	39.92	15.06	8.972	8.949	216.6	324.2	2.063	-4.642	-5.122	-4.352	-3.239	-2.420	-2.553	-3.947	-2.384	-3.549	-1.987	-1.749	-2.352	-2.495	-1.865	-1.374	-1.489	-1.485	-0.306	-1.566	-1.598	-1.767	-1.098	-2.119	-1.241	-1.558	-1.220	-0.844	-1.213	-0.500	-1.179	-1.109	-1.026	-1.278	-1.346	-1.310	-1.140	-1.085	-0.410	-0.661	-1.281	-1.498	-1.559	-1.634	-1.696	-1.366	-1.440	-1.281	-1.632	-1.448	-1.220	-1.970	-1.795	-1.791	-1.310	-1.260	-0.020	10.71	58.17
610.0	-107.8	-103.4	-58.23	-54.10	-39.96	-24.09	-23.05	5.125	6.421	32.68	41.15	74.17	55.98	23.16	8.794	1.543	56.04	329.0	132.7	-4.262	-3.775	-3.938	-3.711	-3.931	-3.241	-3.419	-2.754	-2.624	-2.417	-1.904	-2.667	-1.791	-1.892	-2.293	-2.146	-2.177	-1.310	-1.528	-1.486	-2.219	-1.653	-1.968	-1.464	-2.066	-1.704	-0.718	-1.745	-1.407	-1.123	-1.381	-0.994	-1.527	-1.274	-1.327	-1.149	-1.434	-0.824	-0.763	-0.700	-1.174	-1.736	-1.688	-1.827	-1.670	-1.318	-1.160	-1.330	-1.172	-1.484	-1.666	-1.744	-1.845	-1.841	-1.839	-1.668	1.242	13.78
615.0	-96.59	-62.29	-81.63	-57.29	-40.82	-26.34	-13.64	-1.914	10.84	32.31	46.91	64.22	77.85	31.38	5.522	0.774	11.83	119.7	328.6	18.69	-5.251	-2.490	-3.973	-4.350	-2.300	-3.382	-3.388	-2.730	-4.305	-2.280	-2.567	-1.554	-1.227	-2.454	-1.102	-1.756	-1.622	-2.105	-1.300	-2.278	-1.787	-1.375	-1.628	-2.289	-1.835	-1.551	-1.965	-1.679	-1.279	-0.980	-0.922	-1.586	-1.313	-1.343	-1.561	-1.794	-1.691	-1.289	-0.845	-1.097	-1.216	-1.561	-1.999	-1.771	-1.687	-1.478	-1.337	-1.352	-1.159	-1.600	-1.410	-2.129	-2.024	-1.429	-1.645	-1.311	1.052
620.0	-124.8	-88.29	-64.37	-56.19	-31.06	-27.19	-4.625	7.441	23.12	28.27	48.48	64.07	80.78	47.78	10.75	1.382	1.818	26.16	307.0	124.1	-5.468	-2.837	-3.388	-3.211	-4.294	-3.791	-2.798	-2.216	-3.333	-2.331	-3.079	-2.736	-1.962	-2.341	-2.252	-2.165	-1.260	-1.803	-1.977	-2.064	-1.974	-1.987	-2.008	-1.883	-1.955	-1.982	-0.886	-1.017	-1.832	-0.964	-1.089	-1.252	-1.652	-1.676	-1.536	-1.572	-1.321	-1.397	-1.001	-0.924	-1.172	-1.746	-1.326	-2.002	-1.666	-1.807	-1.404	-1.177	-1.201	-1.780	-1.648	-1.480	-1.994	-1.954	-1.489	-1.956	-1.105
625.0	-102.4	-96.70	-75.64	-50.09	-28.92	-28.52	-15.06	6.302	16.28	42.74	55.91	77.59	71.15	55.49	13.23	2.264	1.151	5.263	155.1	272.1	1.813	-2.366	-3.519	-3.433	-4.065	-3.476	-1.713	-3.392	-2.170	-2.775	-2.792	-3.185	-2.367	-2.081	-2.501	-1.830	-1.322	-1.661	-1.163	-2.231	-1.267	-1.824	-1.811	-2.175	-1.747	-1.991	-0.719	-1.333	-1.742	-1.138	-1.620	-1.270	-1.653	-1.399	-1.522	-1.658	-1.397	-0.938	-1.058	-1.054	-1.508	-1.578	-1.857	-1.879	-1.650	-1.659	-1.468	-1.684	-1.471	-1.790	-1.916	-2.016	-1.759	-1.625	-1.332	-2.112	-1.385
630.0	-96.20	-87.47	-70.24	-56.99	-36.49	-21.52	-9.721	11.40	41.17	60.78	76.27	88.14	71.39	76.07	32.11	6.221	0.592	-0.708	41.22	270.2	120.0	-2.375	-3.658	-3.477	-4.358	-3.893	-2.801	-3.366	-2.223	-3.209	-3.497	-2.728	-2.623	-2.692	-2.446	-2.171	-2.102	-2.136	-2.074	-2.551	-1.477	-2.038	-1.911	-2.375	-1.768	-1.746	-1.482	-1.449	-1.704	-1.313	-1.393	-1.437	-1.510	-1.514	-1.259	-1.625	-1.783	-1.592	-1.489	-1.318	-1.263	-1.405	-1.846	-1.882	-1.561	-1.163	-1.495	-1.458	-1.595	-1.713	-1.356	-1.697	-1.584	-1.751	-1.901	-2.008	-1.864
635.0	-107.2	-57.82	-70.51	-50.61	-28.40	-11.43	4.806	29.95	61.03	104.3	118.3	121.5	102.6	81.36	69.05	19.32	7.502	4.696	7.270	104.8	299.8	15.03	-3.241	-4.661	-3.144	-4.303	-2.471	-4.080	-3.262	-3.551	-2.543	-2.931	-3.327	-3.598	-2.530	-2.011	-1.625	-2.288	-2.536	-2.564	-1.559	-2.079	-2.126	-1.876	-1.929	-1.641	-1.126	-1.554	-1.843	-1.615	-1.629	-1.087	-1.361	-1.857	-1.550	-1.630	-2.115	-1.324	-1.545	-1.436	-1.109	-0.833	-1.451	-1.547	-1.693	-1.231	-2.048	-1.469	-1.653	-1.406	-1.522	-1.495	-2.111	-1.725	-1.880	-2.025	-1.643
640.0	-66.91	-57.28	-44.62	-61.56	-27.84	-22.29	-2.247	43.74	79.18	109.8	117.8	151.3	120.0	92.06	81.56	30.81	12.91	6.340	1.623	26.42	284.2	91.06	-2.168	-4.785	-3.858	-4.397	-4.297	-3.843	-3.315	-3.321	-2.620	-3.427	-2.484	-3.863	-2.427	-1.888	-2.409	-2.159	-2.048	-2.400	-2.079	-1.943	-1.667	-1.578	-2.285	-1.662	-1.526	-1.722	-1.385	-1.275	-1.509	-0.973	-1.209	-1.751	-1.330	-1.849	-1.756	-1.404	-1.630	-0.965	-1.140	-1.145	-1.582	-1.178	-1.150	-1.483	-1.560	-1.827	-1.806	-1.463	-1.324	-1.634	-1.686	-1.570	-1.383	-1.579	-2.308
645.0	-71.03	-72.65	-70.79	-58.73	-32.92	-13.19	-5.113	33.07	67.22	113.4	127.2	143.4	119.7	94.48	75.32	30.80	13.54	5.671	1.924	5.871	158.4	198.9	1.015	-4.674	-2.999	-3.442	-3.461	-3.397	-3.170	-4.144	-3.217	-3.762	-2.014	-3.119	-2.404	-1.416	-2.124	-1.750	-1.944	-2.344	-2.062	-2.056	-2.011	-1.502	-1.811	-2.138	-1.549	-1.567	-1.931	-1.352	-1.132	-1.489	-1.696	-1.636	-1.438	-1.639	-1.516	-1.864	-1.382	-1.570	-1.365	-1.400	-1.139	-1.335	-1.015	-1.728	-1.328	-1.272	-1.955	-1.319	-1.657	-1.423	-1.460	-1.655	-1.289	-2.596	-2.100
650.0	-104.4	-78.51	-72.67	-44.36	-30.02	-14.48	-5.667	37.22	74.25	120.0	129.1	136.6	121.5	92.84	65.59	34.68	12.37	4.837	1.331	0.094	50.95	237.4	37.20	-5.024	-2.859	-3.245	-3.843	-3.436	-3.534	-3.474	-2.639	-2.761	-3.022	-2.933	-1.907	-2.466	-2.580	-2.908	-2.260	-2.090	-2.487	-2.112	-2.276	-2.198	-2.080	-1.961	-1.319	-1.686	-1.386	-1.096	-1.060	-1.786	-1.340	-1.123	-1.944	-1.502	-1.978	-1.944	-1.654	-1.704	-1.750	-1.148	-0.887	-1.313	-1.603	-1.670	-1.049	-1.266	-1.751	-1.430	-1.523	-1.331	-1.285	-1.797	-1.442	-1.958	-2.277
