Sample:	'1
File name:	Default_20230629_093020.FD3
Run date:	'09:23:59, 06/29/2023
Operator:	user
Comment:	'

Instrument
Model:	F-2700 FL Spectrophotometer
Serial number:	2190-003
ROM Version:	4J14000 07

Instrument parameters
Measurement type:	3-D scan
Data mode:	Fluorescence
EX  Start WL:	220.0 nm
EX  End WL:	600.0 nm
EX Sampling interval:	5.0 nm
EM  Start WL:	230.0 nm
EM  End WL:	650.0 nm
EM Sampling interval:	5.0 nm
Scan speed:	12000 nm/min
EX Slit:	5.0 nm
EM Slit:	5.0 nm
PMT Voltage:	700 V
Response:	Auto 
Corrected spectra:	Off
Contour interval:	50.000

Peak integration
Integration method:	Rectangular
Sensitivity:	1
Threshold:	1.000

Peaks
No.	ApexEX/EM(nm)	Height(Data)
1	230.0/295.0	29.20
2	230.0/570.0	-21.06
3	235.0/640.0	-3.204
4	240.0/600.0	-4.876
5	240.0/615.0	-12.68
6	240.0/630.0	-12.47
7	245.0/525.0	99.40
8	245.0/595.0	-13.83
9	245.0/635.0	-16.90
10	250.0/365.0	 2398
11	250.0/535.0	81.55
12	255.0/235.0	-12.54
13	255.0/280.0	285.7
14	255.0/555.0	76.61
15	255.0/635.0	-5.402
16	260.0/285.0	380.4
17	260.0/565.0	59.87
18	265.0/290.0	430.2
19	265.0/580.0	66.95
20	270.0/295.0	618.1
21	270.0/590.0	63.16
22	275.0/245.0	-5.061
23	275.0/305.0	793.2
24	275.0/605.0	57.11
25	280.0/240.0	-4.511
26	280.0/310.0	760.5
27	280.0/615.0	49.92
28	285.0/315.0	796.8
29	285.0/415.0	469.0
30	285.0/625.0	39.75
31	290.0/320.0	729.1
32	290.0/640.0	34.84
33	295.0/255.0	-2.325
34	295.0/330.0	575.6
35	300.0/265.0	-2.296
36	300.0/335.0	523.0
37	305.0/240.0	-2.426
38	305.0/260.0	-1.108
39	305.0/340.0	542.9
40	310.0/275.0	-1.887
41	315.0/250.0	-2.303
42	315.0/270.0	-1.958
43	315.0/355.0	406.3
44	320.0/360.0	434.2
45	325.0/240.0	-1.609
46	325.0/265.0	-1.587
47	325.0/365.0	399.0
48	335.0/380.0	392.3
49	335.0/605.0	1.264
50	340.0/245.0	-0.768
51	340.0/285.0	-0.674
52	340.0/385.0	373.2
53	345.0/265.0	-0.597
54	345.0/390.0	332.2
55	345.0/635.0	-0.655
56	350.0/395.0	331.3
57	355.0/405.0	325.4
58	360.0/410.0	288.9
59	365.0/415.0	279.4
60	370.0/295.0	-0.764
61	370.0/425.0	257.1
62	375.0/430.0	232.8
63	415.0/255.0	-0.436
64	415.0/485.0	70.98
65	425.0/495.0	48.62
66	425.0/625.0	0.116
67	440.0/515.0	25.37
68	445.0/525.0	24.09
69	450.0/530.0	17.83
70	455.0/540.0	13.57
71	470.0/560.0	6.548
72	485.0/580.0	2.032
73	495.0/370.0	5.759
74	510.0/280.0	0.573
75	520.0/285.0	0.521
76	545.0/300.0	1.771
77	555.0/310.0	1.056
78	575.0/320.0	1.241
79	580.0/325.0	1.056
80	585.0/355.0	0.763
81	595.0/330.0	0.828

Data points
	220.0	225.0	230.0	235.0	240.0	245.0	250.0	255.0	260.0	265.0	270.0	275.0	280.0	285.0	290.0	295.0	300.0	305.0	310.0	315.0	320.0	325.0	330.0	335.0	340.0	345.0	350.0	355.0	360.0	365.0	370.0	375.0	380.0	385.0	390.0	395.0	400.0	405.0	410.0	415.0	420.0	425.0	430.0	435.0	440.0	445.0	450.0	455.0	460.0	465.0	470.0	475.0	480.0	485.0	490.0	495.0	500.0	505.0	510.0	515.0	520.0	525.0	530.0	535.0	540.0	545.0	550.0	555.0	560.0	565.0	570.0	575.0	580.0	585.0	590.0	595.0	600.0
230.0	-71.66	-15.48	 1201	 1337	83.97	-20.69	-19.76	-13.09	-16.87	-15.05	-11.21	-10.66	-9.853	-7.689	-4.688	-5.655	-3.552	-4.270	-3.772	-4.420	-3.318	-3.667	-2.982	-2.932	-2.878	-2.435	-2.295	-2.228	-2.250	-2.016	-2.151	-2.342	-2.052	-1.990	-1.233	-1.144	-1.262	-0.908	-1.412	-1.244	-1.206	-1.033	-1.220	-1.002	-0.863	-1.228	-1.137	-0.458	1.287	1.735	0.186	-0.873	-0.820	-1.092	-0.940	-0.923	-1.021	-1.264	-0.984	-1.082	-1.249	-1.106	-0.971	-1.482	-1.253	-1.303	-1.408	-1.205	-1.227	-1.167	-1.310	-1.526	-1.210	-1.283	-1.357	-1.423	-1.490
235.0	-55.33	-56.15	381.0	 2019	 1738	144.5	-18.82	-12.54	-17.85	-12.58	-13.47	-9.411	-5.857	-9.115	-5.857	-5.141	-4.873	-4.797	-4.544	-4.431	-2.691	-4.439	-1.789	-2.674	-2.388	-1.721	-1.359	-1.773	-3.099	-1.870	-2.502	-1.608	-1.916	-2.365	-1.665	-1.276	-1.537	-1.748	-1.196	-1.126	-1.415	-1.551	-1.462	-1.046	-1.483	-0.924	-1.141	-0.911	-0.072	1.093	1.967	2.584	0.565	-1.016	-1.191	-1.101	-0.720	-1.215	-1.088	-1.358	-1.242	-1.592	-1.195	-1.110	-1.186	-1.519	-1.325	-1.420	-1.200	-0.960	-1.329	-1.504	-1.505	-0.882	-1.603	-1.398	-1.497
240.0	-74.67	-52.74	45.76	891.0	 3117	 1802	85.77	-16.57	-15.17	-17.03	-12.49	-5.483	-4.511	-7.660	-8.501	-4.833	-4.579	-2.426	-4.009	-4.357	-3.732	-1.609	-3.575	-1.731	-2.486	-1.827	-2.069	-2.168	-2.960	-1.822	-1.984	-1.510	-1.782	-2.069	-1.960	-1.795	-1.740	-2.038	-1.779	-0.567	-1.235	-1.204	-1.804	-0.741	-1.098	-0.825	-1.161	-0.969	-0.711	-0.643	0.359	3.747	4.568	3.289	0.602	-1.195	-1.133	-1.195	-1.183	-1.401	-1.175	-1.493	-1.477	-1.131	-1.199	-1.294	-0.950	-0.801	-1.281	-1.477	-1.620	-1.348	-1.083	-1.606	-1.646	-1.457	-1.758
245.0	-51.75	-68.72	-25.62	208.5	 1645	 3902	 1531	35.17	-4.913	-16.75	-8.500	-5.061	-9.770	-8.394	-5.273	-5.058	-4.282	-4.440	-4.933	-3.107	-4.127	-2.408	-3.175	-1.612	-0.768	-2.269	-1.767	-2.102	-2.427	-2.055	-2.401	-1.244	-2.395	-1.828	-2.099	-1.660	-1.428	-1.354	-2.205	-0.780	-1.181	-1.323	-1.429	-1.462	-1.343	-0.980	-1.185	-0.620	-0.754	-0.949	-0.740	0.858	3.055	6.392	5.929	2.889	-0.842	-1.422	-0.909	-1.117	-0.889	-1.494	-1.184	-0.942	-1.291	-1.098	-1.021	-1.211	-1.235	-1.618	-1.176	-0.917	-1.107	-1.158	-1.340	-1.505	-1.575
250.0	-59.20	-70.31	-17.29	62.40	383.3	 1963	 4319	 3125	390.8	-8.681	-8.114	-9.939	-11.35	-8.400	-5.622	-6.356	-4.135	-4.901	-4.434	-2.303	-3.425	-3.728	-3.080	-2.595	-2.206	-2.246	-2.965	-1.733	-2.645	-2.145	-1.779	-1.829	-1.931	-1.991	-1.910	-1.956	-1.811	-1.599	-1.246	-1.301	-1.504	-1.478	-1.109	-1.447	-0.914	-0.485	-1.026	-0.969	-0.742	-0.804	-0.778	-0.517	-0.080	1.381	3.433	5.959	6.220	5.428	2.035	-0.598	-0.896	-1.081	-1.316	-1.201	-1.244	-1.113	-1.298	-1.164	-1.470	-1.260	-1.181	-1.452	-1.377	-1.262	-1.529	-1.419	-1.552
255.0	-52.15	-55.10	-31.88	43.64	128.4	438.6	 1500	 6207	 5253	395.0	-6.413	-9.180	-8.492	-8.970	-3.118	-2.325	-3.934	-2.683	-4.894	-2.742	-2.795	-3.398	-2.259	-2.385	-2.697	-2.207	-1.807	-1.790	-2.191	-2.210	-2.441	-1.137	-1.679	-1.924	-1.815	-1.055	-1.509	-1.047	-0.962	-0.436	-1.306	-1.164	-1.382	-1.713	-1.152	-0.899	-0.825	-0.672	-0.721	-0.927	-0.797	-0.522	-0.793	-0.110	0.472	0.393	2.006	6.455	10.25	9.603	3.663	-0.299	-1.229	-1.170	-1.147	-1.465	-1.092	-1.285	-1.586	-1.102	-1.195	-1.380	-0.808	-1.593	-1.564	-1.180	-1.661
260.0	-56.68	-52.36	-41.37	12.02	133.7	135.3	338.9	 2705	 8150	 1620	167.5	-7.553	-8.432	-9.020	-4.172	-4.941	-3.550	-1.108	-3.768	-4.203	-3.370	-2.664	-2.619	-1.629	-2.785	-1.665	-1.973	-3.023	-1.582	-1.377	-2.731	-1.922	-1.512	-1.545	-1.572	-0.918	-0.813	-1.813	-1.142	-1.276	-1.445	-1.429	-1.492	-1.589	-1.433	-0.725	-0.858	-0.943	-1.069	-1.045	-0.703	-0.409	-0.601	-0.815	-0.465	-0.925	-0.327	1.011	4.357	9.228	12.63	8.990	1.974	-0.999	-1.414	-1.117	-1.413	-1.181	-1.709	-1.155	-1.494	-1.519	-1.035	-1.748	-1.105	-1.659	-1.731
265.0	-46.25	-75.26	-58.87	-34.46	83.52	156.7	109.3	648.8	 4017	 7811	 1328	48.88	-5.987	-6.174	-2.567	-5.862	-2.296	-3.423	-3.201	-4.050	-3.194	-1.587	-2.375	-2.113	-2.802	-0.597	-1.911	-2.604	-1.721	-1.617	-2.323	-1.919	-1.764	-1.052	-1.632	-1.022	-1.745	-1.838	-1.421	-1.645	-1.217	-1.416	-1.784	-1.508	-1.305	-1.151	-0.662	-1.058	-1.072	-0.973	-0.881	-1.036	-0.636	-0.426	-0.864	-0.738	-0.888	-0.335	0.181	1.619	6.566	13.18	14.13	6.210	-0.151	-0.815	-1.241	-1.441	-1.486	-1.086	-1.405	-1.396	-0.867	-1.768	-1.349	-1.494	-1.677
270.0	-59.82	-60.03	-50.65	-38.67	8.242	97.84	191.4	190.0	956.3	 3517	 6019	 3723	306.6	-1.414	-2.602	-3.464	-3.592	-3.771	-3.030	-1.958	-2.571	-2.218	-2.774	-2.482	-2.988	-1.296	-1.833	-1.668	-2.402	-2.203	-1.711	-1.523	-2.216	-1.414	-1.328	-1.009	-1.768	-1.789	-1.093	-1.725	-1.480	-1.501	-1.372	-0.991	-1.524	-1.294	-0.823	-1.001	-0.904	-0.737	-0.675	-1.083	-0.654	-0.957	-0.494	-0.335	-0.278	-0.720	-0.669	-0.548	1.186	3.155	7.013	12.15	14.66	11.14	4.495	-0.525	-1.371	-1.289	-1.561	-1.098	-1.298	-1.490	-1.309	-1.208	-1.449
275.0	-77.16	-54.33	-45.34	-37.00	-16.18	13.66	127.8	278.6	253.3	805.4	 1875	 6525	 5705	297.3	1.016	-0.140	-4.180	-1.890	-1.887	-3.992	-2.526	-2.606	-2.154	-2.017	-2.249	-1.161	-2.248	-1.705	-2.184	-1.976	-2.049	-1.661	-2.504	-1.733	-1.736	-1.645	-1.689	-1.105	-1.345	-0.857	-0.912	-1.359	-1.621	-1.365	-0.998	-1.185	-1.146	-1.223	-0.793	-0.824	-0.946	-1.309	-0.724	-0.967	-0.852	-0.994	-0.191	-0.104	-0.419	-0.553	-0.935	-0.062	0.867	1.614	3.720	12.07	21.83	18.56	7.351	-0.372	-0.820	-1.279	-1.234	-1.341	-0.918	-1.360	-1.439
280.0	-88.84	-35.25	-36.69	-17.52	-19.65	-4.398	36.70	285.7	285.5	219.5	455.4	 2469	 8399	 4212	117.2	3.154	-2.323	-3.775	-3.086	-2.890	-2.492	-2.673	-1.413	-2.138	-1.286	-1.587	-2.332	-2.821	-2.383	-2.164	-2.205	-2.524	-1.764	-1.165	-1.752	-1.061	-1.287	-1.068	-1.036	-1.112	-1.250	-0.857	-1.570	-0.877	-1.071	-1.367	-1.189	-1.096	-0.993	-0.332	-0.706	-0.886	-0.656	-1.295	-0.923	-1.024	-0.752	-0.791	0.573	0.155	-0.536	-0.398	-0.492	-0.656	0.153	2.666	8.550	17.81	27.67	16.57	3.481	-1.174	-1.027	-1.425	-0.786	-1.594	-1.500
285.0	-73.14	-83.38	-16.48	-24.59	-26.76	-17.62	-9.975	143.2	380.4	191.4	142.8	629.1	 3709	 9142	757.3	34.31	0.490	-1.099	-1.255	-1.739	-1.918	-1.812	-1.981	-2.498	-0.674	-1.892	-2.098	-1.836	-1.089	-2.382	-1.447	-2.065	-2.169	-1.202	-1.723	-1.270	-1.503	-1.149	-1.759	-1.331	-1.529	-1.111	-1.244	-1.188	-1.126	-1.031	-0.631	-0.456	-1.043	-0.782	-0.921	-0.951	-0.888	-0.966	-1.057	-1.065	-1.031	-1.360	-0.024	0.245	0.521	0.207	-1.071	-1.013	-0.876	0.010	1.085	4.173	14.37	25.55	25.45	10.23	0.594	-1.006	-1.156	-1.704	-0.971
290.0	-57.86	-28.46	-8.151	-2.419	-9.485	-6.905	-1.485	53.96	195.5	430.2	265.2	246.7	956.5	 3859	 6643	 2771	190.1	0.910	-0.165	-0.768	-1.252	-1.856	-2.322	-2.020	-1.709	-1.913	-1.859	-2.140	-1.213	-1.309	-1.393	-1.570	-1.634	-1.500	-1.924	-1.278	-1.364	-1.322	-1.253	-1.611	-1.126	-1.200	-1.092	-1.403	-1.266	-1.089	-0.671	-0.773	-0.905	-0.681	-0.918	-0.560	-0.990	-0.937	-1.105	-1.030	-0.964	-0.999	-0.789	-0.708	-0.065	0.513	-0.119	-0.042	-0.676	-0.516	-0.397	0.406	2.598	6.838	13.37	19.14	20.69	15.42	5.956	-0.291	-1.052
295.0	-79.72	-18.10	29.20	11.42	9.689	4.344	19.55	52.60	108.8	277.2	618.1	332.9	347.7	973.4	 2044	 7187	 4087	231.2	3.089	1.862	-1.484	-1.339	-0.737	-1.819	-2.279	-0.975	-1.953	-1.966	-1.646	-1.085	-0.764	-1.540	-1.909	-1.885	-1.602	-1.610	-0.868	-1.725	-1.368	-1.534	-1.062	-1.087	-1.370	-1.812	-0.969	-1.081	-1.031	-0.471	-0.492	-0.967	-1.090	-0.981	-1.160	-0.712	-0.942	-0.755	-1.197	-0.930	-0.695	-0.724	-0.468	-0.254	0.134	0.279	0.888	0.285	-0.393	-0.753	-0.319	1.146	2.120	3.640	6.215	16.16	27.87	24.44	6.011
300.0	-47.13	8.245	21.52	29.15	37.73	16.34	42.58	77.20	116.9	194.6	548.1	673.7	329.5	379.4	561.7	 2811	 8699	 3226	116.1	3.559	1.229	-0.676	-0.521	-1.382	-2.126	-1.732	-1.972	-1.962	-1.758	-1.527	-1.804	-2.033	-1.778	-1.369	-1.102	-1.313	-1.110	-1.239	-1.808	-0.913	-1.154	-1.456	-1.513	-1.182	-1.247	-0.972	-1.264	-0.509	-0.338	-0.898	-0.792	-0.826	-0.834	-0.694	-0.743	-0.777	-1.361	-0.911	-0.588	-0.837	-0.759	-0.564	-0.869	-0.278	1.008	1.771	0.376	-0.488	-0.742	-0.252	-0.193	0.125	0.843	3.219	11.17	28.71	30.86
305.0	-50.57	3.660	18.46	49.76	51.94	31.27	70.98	86.55	147.6	208.6	358.0	793.2	588.5	302.4	260.8	731.6	 4139	 9307	 2202	28.97	3.268	0.612	-1.261	-0.312	-0.747	-1.349	-0.855	-2.271	-0.848	-1.536	-1.712	-1.890	-2.336	-1.119	-1.087	-1.152	-1.056	-1.297	-1.266	-1.065	-1.058	-0.963	-1.794	-1.148	-1.198	-1.300	-1.183	-0.405	-0.711	-0.706	-0.802	-1.032	-0.785	-1.303	-0.668	-0.447	-0.735	-1.033	-0.750	-1.143	-0.585	-0.402	-0.741	-0.370	-0.010	0.691	0.438	0.322	-0.526	-0.540	-0.377	-0.306	-0.012	-0.551	1.551	7.970	18.61
310.0	-37.11	-1.889	50.50	58.54	50.40	52.32	79.90	118.9	172.1	225.7	325.9	538.9	760.5	558.5	252.0	274.1	 1033	 4119	 6675	 3253	141.3	3.502	0.364	0.112	-0.704	-1.377	-1.301	-1.425	-1.241	-1.482	-1.846	-1.223	-1.731	-1.289	-1.150	-1.238	-0.924	-1.292	-0.702	-1.488	-1.398	-1.146	-1.424	-1.167	-1.069	-0.856	-0.824	-0.929	-0.742	-0.497	-0.424	-0.630	-0.735	-0.974	-0.633	-0.511	-0.659	-1.189	-0.820	-0.611	-0.577	-0.224	-0.089	-0.229	-0.343	0.133	0.210	1.056	0.966	0.628	0.251	-0.465	-0.718	-0.299	-0.582	1.230	3.886
315.0	-4.178	6.182	90.95	85.34	97.87	99.21	91.15	144.3	205.0	270.5	328.3	426.5	553.6	796.8	484.6	214.5	320.6	980.9	 2107	 6890	 2785	175.0	3.338	1.892	0.278	-0.784	-0.955	-1.247	-1.625	-1.621	-1.122	-1.244	-1.497	-1.231	-1.111	-0.948	-1.054	-1.294	-1.188	-1.075	-1.255	-1.197	-1.760	-0.865	-0.874	-0.866	-1.131	-0.963	-0.595	-0.510	-0.607	-0.633	-0.801	-0.704	-0.518	-0.758	-0.513	-0.956	-0.524	-0.692	-0.378	-0.285	-0.407	-0.472	-0.280	0.126	-0.045	0.424	0.798	0.415	0.708	0.602	-0.389	-0.450	-0.980	-0.851	0.196
320.0	-6.736	60.39	93.00	130.9	132.1	128.4	170.1	191.1	227.0	300.0	365.0	424.8	476.4	618.5	729.1	302.9	182.6	297.3	521.5	 2811	 7423	 2265	96.89	1.657	0.397	0.194	0.483	-1.535	-1.469	-1.488	-1.402	-0.967	-1.412	-1.638	-0.986	-1.584	-1.379	-1.168	-1.218	-1.584	-0.966	-1.303	-1.312	-1.519	-1.033	-0.485	-0.684	-1.213	-0.614	-0.552	-0.739	-0.346	-0.421	-0.865	-0.560	-0.854	-0.557	-0.572	-0.433	-0.366	-0.510	-0.191	-0.489	-0.187	-0.012	-0.708	-0.113	-0.108	0.410	0.335	0.236	1.241	0.452	-0.096	-1.234	-0.850	-0.713
325.0	6.792	71.04	165.1	198.8	166.2	236.5	257.5	287.5	298.0	354.5	408.2	441.4	472.4	482.9	675.1	530.1	193.7	159.1	168.0	695.1	 3846	 7235	 1701	30.06	2.312	1.056	-0.226	-2.009	-1.274	-1.356	-1.273	-0.757	-0.728	-1.058	-1.641	-1.227	-1.856	-1.559	-1.310	-1.107	-1.338	-1.024	-0.693	-0.964	-1.069	-0.676	-0.966	-0.892	-0.562	0.232	-0.200	-0.035	-0.204	-0.632	-0.660	-0.663	-0.576	-0.567	-0.134	-0.022	0.549	0.309	-0.440	0.096	0.107	-0.456	0.292	0.343	0.073	0.370	0.094	0.452	1.056	0.557	-0.268	-0.874	-0.681
330.0	31.19	93.41	267.6	384.2	410.4	470.3	496.3	493.3	477.7	489.0	468.6	469.3	479.3	462.2	490.3	575.6	427.6	194.7	119.7	210.3	949.5	 3406	 5595	 2703	111.6	2.188	0.853	-1.235	-0.388	-1.488	-1.255	-1.065	-1.001	-0.940	-0.919	-1.252	-1.402	-1.188	-1.108	-1.184	-0.739	-1.293	-1.165	-1.083	-0.959	-0.839	-0.723	-0.403	-0.270	0.042	0.218	-0.227	0.185	0.032	0.281	0.362	-0.026	-0.013	0.368	0.354	0.349	0.340	0.231	0.217	0.234	-0.230	-0.093	-0.099	-0.209	0.242	-0.152	0.178	0.097	0.187	0.371	0.828	-0.375
335.0	59.52	188.8	418.3	608.5	722.5	899.3	911.1	866.1	729.6	679.6	546.7	516.6	505.1	495.5	439.2	417.8	523.0	431.0	169.2	128.6	272.2	801.0	 1887	 6138	 2131	146.2	2.694	0.895	0.086	-1.707	-0.391	-1.811	-1.256	-1.407	-1.214	-1.013	-1.523	-1.115	-1.158	-1.403	-1.285	-1.637	-0.882	-0.850	-1.022	-0.516	-0.945	-0.071	-0.032	0.214	0.500	0.713	0.825	1.128	1.459	1.718	1.429	1.583	1.219	0.707	0.663	1.124	0.332	0.583	0.249	-0.032	0.243	0.248	-0.197	0.095	-0.080	-0.350	0.082	-0.415	-0.030	0.315	1.122
340.0	106.4	278.6	575.8	832.3	 1055	 1178	 1220	 1176	970.6	862.3	634.8	553.4	504.1	497.8	452.4	396.7	425.7	542.9	291.8	141.8	133.6	226.6	466.4	 2693	 6524	 1837	85.75	2.661	0.211	-0.345	0.256	-1.256	-0.239	-1.801	-0.713	-0.792	-1.184	-1.359	-0.487	-1.157	-0.763	-1.242	-1.114	-1.235	-1.048	-0.397	-0.674	-0.403	0.290	0.809	1.021	1.445	2.035	1.972	2.220	2.250	2.449	1.646	1.392	1.364	1.866	0.915	1.059	0.775	0.216	0.222	-0.233	0.352	0.430	-0.046	-0.472	-0.316	-0.319	-0.281	-0.408	-0.180	0.014
345.0	81.41	324.2	672.0	 1034	 1309	 1549	 1581	 1473	 1167	999.0	751.0	546.2	509.5	512.6	462.6	402.9	365.8	476.6	469.6	207.0	120.8	116.8	150.2	670.6	 3571	 6374	 1432	29.28	1.394	0.394	-0.565	-0.510	-0.398	-1.319	-0.423	-0.836	-1.208	-1.344	-0.484	-0.791	-1.064	-0.395	-0.599	-0.999	-0.738	-0.632	-0.446	0.141	0.280	0.831	1.193	1.940	2.602	2.478	2.654	3.367	3.420	2.602	2.212	2.004	1.550	1.808	1.228	0.975	0.088	0.652	0.001	0.322	0.259	0.122	-0.267	-0.068	-0.175	0.220	-0.283	-0.265	-0.317
350.0	130.0	407.7	748.5	 1195	 1583	 1874	 1990	 1751	 1419	 1145	816.6	565.9	526.0	528.8	482.7	432.2	374.2	381.5	446.0	390.8	193.9	118.9	99.99	197.5	891.7	 3184	 5002	 2361	99.05	1.551	-0.485	-0.670	-0.242	-0.870	-0.708	-0.399	-1.011	-1.348	-0.689	-0.850	-1.325	-0.683	-0.980	-0.949	-0.797	-0.578	-0.099	0.341	0.635	1.271	1.696	2.774	3.287	3.603	3.939	4.298	4.094	3.723	3.264	2.749	2.647	2.245	1.663	0.872	0.727	0.459	0.271	0.497	0.372	-0.362	0.080	0.200	-0.036	0.134	-0.151	-0.127	0.062
355.0	191.1	435.0	838.8	 1349	 1807	 2167	 2251	 1966	 1572	 1289	865.8	576.3	531.4	538.5	504.4	450.9	388.7	367.5	353.7	406.3	370.8	170.3	111.4	110.6	247.9	747.7	 1784	 5277	 1825	135.1	2.444	0.227	-0.013	-0.370	-0.041	-0.826	-1.128	-1.320	-1.009	-0.326	-0.820	-0.825	-1.168	-0.872	-0.958	-0.301	0.149	0.707	0.688	1.467	2.181	2.772	3.605	4.962	4.940	4.433	5.188	3.971	3.675	3.247	2.568	2.428	1.636	1.587	0.431	0.529	0.392	0.481	0.424	0.217	0.337	0.336	-0.268	0.763	-0.264	0.228	-0.034
360.0	170.0	432.1	910.4	 1398	 1932	 2323	 2368	 2096	 1645	 1322	888.8	577.7	561.2	542.9	525.0	457.6	418.5	386.8	346.0	335.5	434.2	286.1	146.1	111.8	123.8	214.9	439.0	 2363	 5570	 1640	77.51	1.107	0.616	-0.588	-0.461	-1.141	-0.825	-0.342	-0.998	-0.340	-0.515	-1.199	-0.751	-0.422	-1.238	-0.838	0.039	0.580	1.091	1.735	2.304	3.375	3.695	5.142	4.513	4.687	4.992	3.792	3.523	3.195	2.977	2.337	1.737	1.256	1.016	0.050	0.215	-0.339	0.205	-0.124	0.304	0.399	-0.040	0.350	-0.204	-0.221	0.346
365.0	170.1	453.1	956.4	 1469	 1995	 2383	 2398	 2112	 1664	 1352	898.8	591.4	553.9	523.6	519.6	480.2	447.4	400.7	363.1	319.1	358.3	399.0	225.1	135.9	113.2	111.0	142.4	595.5	 3094	 5641	 1291	29.06	0.995	1.035	0.148	-0.384	-0.465	-0.075	-1.061	-0.652	-1.146	-0.567	-0.248	-0.913	-0.892	-0.353	0.193	0.464	1.034	1.710	2.930	3.321	3.556	5.038	4.391	4.904	5.140	3.948	3.010	3.400	2.743	2.039	1.777	0.701	0.515	0.036	0.170	0.337	0.157	-0.168	-0.125	0.035	0.057	0.364	0.244	-0.189	-0.010
370.0	132.2	438.7	939.6	 1449	 1905	 2300	 2383	 2052	 1647	 1318	869.0	606.8	537.1	524.4	528.0	486.6	462.6	434.0	380.5	340.7	320.0	365.6	358.3	220.7	142.7	109.4	96.68	177.6	775.4	 2780	 4563	 2141	83.16	2.820	0.644	-0.140	-0.712	-0.225	-0.996	-0.412	-1.006	-1.052	-0.641	-0.658	-0.420	-0.183	0.145	0.882	1.161	1.175	2.392	3.270	3.567	5.551	4.846	5.759	5.454	4.437	4.029	3.501	2.477	2.539	2.198	1.178	0.433	0.556	0.400	0.463	0.381	-0.016	-0.059	0.240	0.140	-0.115	0.000	0.429	-0.191
375.0	107.0	445.7	874.2	 1408	 1861	 2207	 2256	 1915	 1593	 1275	855.9	593.8	542.5	534.1	527.9	493.5	471.7	447.2	413.7	373.3	327.9	314.2	356.2	365.4	208.0	140.9	109.6	104.2	220.5	653.1	 1618	 4838	 1526	106.5	1.762	-0.055	-0.077	-0.326	-0.719	-1.004	-0.611	-1.195	-0.551	-0.960	-0.515	-0.373	0.014	0.435	1.273	1.082	1.912	2.781	3.995	4.944	3.954	5.648	4.546	4.300	3.586	3.099	2.600	2.997	1.920	1.526	0.722	0.460	0.288	-0.040	-0.127	0.061	0.023	0.518	0.189	0.181	-0.189	0.352	0.826
380.0	132.5	415.9	735.3	 1344	 1684	 2036	 2081	 1847	 1489	 1207	823.3	605.3	530.4	520.5	513.0	504.2	468.9	451.9	411.4	385.0	345.5	315.0	313.6	392.3	298.3	173.2	125.6	99.90	108.0	183.8	398.9	 2175	 4946	 1326	58.39	0.397	0.462	0.070	-0.327	-1.126	-0.492	-0.437	-0.173	-0.529	-0.476	-0.399	-0.270	0.756	0.838	1.235	1.772	3.087	3.716	4.167	3.810	5.327	4.810	3.976	3.761	2.974	2.650	2.058	2.066	1.081	0.919	0.204	0.208	0.178	0.000	0.067	0.043	-0.359	0.547	-0.066	0.423	-0.101	0.460
385.0	83.18	386.2	713.3	 1235	 1519	 1902	 1914	 1709	 1357	 1141	774.5	575.4	535.7	534.0	507.7	505.4	481.8	469.2	431.5	392.6	371.9	332.0	302.3	329.3	373.2	247.7	154.2	118.9	94.39	93.05	121.6	544.5	 2777	 4719	982.8	16.86	0.821	-0.185	0.269	-0.919	-0.394	-0.412	-0.104	-0.760	-0.146	-0.552	-0.104	0.449	0.726	1.473	1.835	2.350	2.615	3.319	3.269	4.803	5.023	3.662	3.425	2.816	2.268	2.025	1.733	1.158	0.682	0.549	0.171	0.171	-0.279	0.034	0.301	-0.237	0.138	-0.262	-0.528	-0.149	0.368
390.0	130.0	330.6	615.5	 1041	 1378	 1613	 1708	 1490	 1233	 1015	720.6	530.2	501.6	515.9	508.7	496.0	473.2	465.2	437.4	409.3	386.0	343.1	317.8	303.0	329.0	332.2	227.2	149.1	109.7	93.00	79.38	156.0	692.2	 2343	 3606	 1579	63.10	1.308	0.599	-0.290	-0.703	-0.595	-0.745	-0.511	-0.466	-0.462	0.260	0.563	0.819	0.936	1.803	2.134	2.312	2.720	3.199	3.465	3.734	3.296	2.948	2.217	1.897	1.522	1.191	1.314	0.918	0.208	-0.042	0.095	0.011	0.136	-0.006	-0.146	0.459	0.093	0.174	0.258	-0.270
395.0	79.89	284.6	500.1	900.7	 1190	 1398	 1495	 1298	 1115	908.6	656.0	529.9	508.3	510.3	500.3	476.6	468.6	462.8	447.6	416.5	385.9	355.0	338.4	310.0	299.2	311.3	331.3	218.2	141.0	109.3	87.21	86.32	187.3	547.6	 1331	 3731	 1187	77.80	1.463	0.433	0.297	-1.035	-0.886	-0.571	-0.967	-0.769	-0.413	0.116	0.698	0.663	1.247	1.743	2.460	3.041	2.654	2.981	2.414	2.811	2.789	1.985	1.306	1.434	0.915	1.053	-0.040	-0.081	0.236	0.324	-0.239	0.310	0.253	-0.367	0.093	0.643	0.539	0.551	-0.123
400.0	79.72	274.3	475.3	811.3	 1022	 1229	 1327	 1189	 1003	833.7	622.7	518.0	501.0	475.4	495.9	469.7	462.9	460.9	446.0	419.5	389.1	368.0	350.4	319.2	298.2	277.5	327.7	293.3	176.3	128.2	99.68	79.48	84.46	153.1	325.6	 1721	 3701	 1024	41.01	0.843	0.955	-0.064	-0.876	-0.233	-0.745	-0.805	-0.226	0.075	1.000	0.375	1.270	1.457	1.925	2.599	1.999	2.174	2.073	1.868	1.611	1.895	1.262	0.668	0.503	0.921	0.239	0.048	0.372	-0.147	-0.147	0.161	0.094	-0.088	-0.193	0.188	0.545	0.377	0.341
405.0	93.04	229.4	426.8	717.1	992.7	 1134	 1129	 1036	927.6	758.4	611.0	519.7	473.3	467.4	468.8	460.9	463.1	443.9	434.8	420.0	402.2	371.6	344.8	323.8	303.1	272.1	284.8	325.4	243.2	151.3	115.4	87.93	71.34	70.37	98.61	427.3	 2081	 3544	763.1	11.16	0.685	0.474	-1.111	-0.596	-0.702	-0.643	-0.614	-0.113	0.353	0.518	0.549	1.382	1.587	3.138	1.760	1.894	1.524	2.052	1.648	1.445	1.004	0.596	0.666	0.570	-0.123	0.391	0.148	-0.225	0.039	0.229	-0.237	-0.054	-0.178	-0.031	0.137	0.269	-0.049
410.0	40.32	148.6	398.9	603.3	851.4	939.0	970.1	911.8	824.3	697.3	581.8	503.1	462.4	465.7	462.6	450.0	440.4	425.1	421.5	403.7	391.6	372.9	350.6	332.5	313.6	283.5	272.0	282.8	288.9	217.2	141.9	106.1	79.30	60.46	55.42	117.9	517.4	 1807	 2699	 1167	50.66	0.901	-0.201	-0.557	-0.526	-0.265	-0.161	-0.272	0.014	0.271	0.273	0.847	1.134	1.922	1.401	1.130	1.500	1.727	1.527	0.690	1.010	0.766	0.527	0.316	0.205	0.374	0.208	-0.048	0.567	0.188	0.066	0.059	-0.209	-0.031	0.120	-0.100	-0.038
415.0	44.17	134.5	314.2	516.1	701.6	794.0	825.0	793.3	722.1	625.7	552.4	484.1	453.0	469.0	438.7	416.3	413.3	419.3	401.7	392.5	384.3	359.5	346.6	331.9	306.2	292.7	269.5	256.8	261.1	279.4	198.9	126.7	92.34	70.27	51.28	54.21	135.0	417.8	986.5	 2735	 1017	62.84	0.211	-0.187	-0.524	-0.468	-0.446	-0.387	-0.395	0.427	0.581	0.362	0.561	1.334	1.083	1.036	0.985	0.766	1.388	0.888	0.386	0.987	0.290	0.139	-0.245	0.611	0.138	0.305	-0.048	-0.161	0.007	-0.273	-0.022	-0.186	-0.585	0.077	0.357
420.0	5.767	144.9	277.5	430.4	609.4	725.3	758.9	698.2	655.6	596.1	530.3	466.5	439.8	439.1	429.3	414.5	397.7	393.1	381.8	375.4	367.3	357.1	335.8	329.4	307.9	293.8	278.4	258.2	241.5	265.6	246.2	153.1	107.5	81.83	60.27	45.84	54.02	109.5	236.7	 1272	 2769	839.9	25.59	0.508	-0.442	-0.304	-0.650	0.108	-0.008	0.545	0.174	-0.119	0.576	0.790	0.178	1.163	0.687	0.429	0.793	0.704	0.348	0.729	0.384	0.154	-0.276	0.135	0.079	0.069	0.382	-0.539	-0.241	0.020	-0.166	0.091	-0.148	0.180	-0.114
425.0	-19.04	117.8	278.0	374.5	536.2	645.0	683.2	662.9	600.6	564.6	509.1	468.4	457.3	434.4	417.6	389.7	382.0	377.2	364.8	369.1	348.4	341.5	336.9	327.2	308.1	301.7	279.6	261.0	239.2	233.6	257.1	202.2	122.0	89.65	68.95	50.10	39.27	44.75	66.86	314.1	 1585	 2575	135.2	5.455	-0.036	0.371	-0.464	0.224	0.045	0.243	0.117	0.341	0.795	0.645	0.624	0.585	0.458	0.444	0.884	0.656	0.267	0.510	0.469	0.007	-0.079	0.409	-0.026	-0.135	-0.048	-0.542	-0.229	-0.198	-0.338	0.091	-0.672	0.147	0.105
430.0	19.76	89.31	234.8	341.1	469.3	575.6	586.2	601.0	586.1	545.7	484.9	445.3	436.3	410.8	401.8	378.2	364.0	355.9	351.7	347.3	332.6	331.6	332.8	312.6	304.4	295.9	279.3	262.5	244.8	228.1	227.9	232.8	171.4	108.9	81.70	59.47	44.87	36.39	32.62	82.89	393.9	 1317	 1893	550.7	42.48	0.696	-0.040	0.239	-0.072	0.066	-0.006	0.256	0.558	0.527	0.600	0.263	-0.038	0.487	0.648	0.777	0.642	0.564	0.118	0.027	-0.283	0.101	0.009	0.052	0.108	-0.235	-0.438	0.044	-0.295	-0.075	-0.009	-0.109	-0.169
435.0	28.02	97.48	209.6	302.9	431.0	484.5	522.1	548.6	526.5	508.5	477.3	438.4	427.5	406.9	376.3	364.4	349.1	335.5	325.1	334.0	320.3	317.4	318.8	300.7	304.3	293.8	280.4	268.1	247.0	229.9	213.7	205.6	210.8	149.7	95.12	71.65	52.70	39.30	30.86	35.81	100.3	304.1	759.1	 2113	883.0	50.18	0.782	0.577	0.034	-0.392	-0.449	0.190	0.798	0.377	0.880	0.342	0.507	0.421	0.147	0.147	0.742	0.502	0.305	0.238	0.135	-0.139	-0.044	-0.135	0.190	-0.339	-0.242	0.041	-0.059	-0.447	-0.467	-0.072	-0.006
440.0	45.68	100.4	182.1	319.5	395.5	473.7	488.1	512.4	512.2	485.9	471.4	427.9	424.7	412.0	369.7	350.9	330.9	328.0	322.3	312.8	314.8	308.3	309.4	293.3	294.4	290.7	276.3	258.2	246.2	233.5	216.7	197.7	198.2	176.4	117.2	78.74	60.52	47.43	35.91	28.69	38.71	79.26	183.6	 1077	 2298	698.7	17.67	0.394	0.443	-0.028	-0.195	0.553	0.352	0.643	0.186	0.484	0.374	0.129	0.007	0.267	0.327	0.240	0.721	-0.193	-0.379	-0.088	0.296	-0.051	0.386	-0.531	-0.574	-0.003	-0.221	-0.332	-0.178	-0.202	-0.209
445.0	30.74	224.3	173.3	302.9	361.4	434.8	470.0	466.1	475.2	461.8	453.5	433.9	406.1	400.5	352.7	334.6	323.8	312.6	302.8	308.1	302.7	290.2	286.0	285.3	283.6	282.4	277.1	258.1	253.3	239.3	215.9	193.0	180.6	186.6	146.3	90.05	71.16	53.80	42.37	32.12	25.79	29.73	50.37	272.1	 1402	 2205	107.6	5.182	0.877	0.100	0.451	0.526	0.154	0.203	0.130	0.306	-0.010	0.554	0.443	0.101	0.080	0.554	0.414	-0.495	0.217	0.178	0.110	-0.183	0.026	-0.643	-0.477	-0.462	0.103	-0.299	-0.249	-0.111	-0.371
450.0	11.53	324.7	287.1	239.5	312.4	395.4	425.3	435.9	438.4	448.2	436.8	418.0	396.6	380.6	347.9	329.1	315.0	294.8	284.9	287.6	278.9	270.0	272.8	272.1	266.9	263.8	261.3	255.1	246.2	232.9	213.6	195.3	169.7	163.8	158.4	121.9	81.58	59.55	48.25	36.72	27.78	22.74	22.43	69.59	351.5	 1229	 1760	461.0	30.55	0.674	0.300	0.364	0.189	0.151	0.416	-0.065	-0.026	0.384	0.410	0.160	0.360	0.190	-0.015	-0.291	-0.035	0.247	-0.099	0.104	0.023	-0.162	-0.369	-0.497	-0.253	-0.324	-0.481	-0.242	-0.186
455.0	-4.215	155.8	649.5	276.7	265.9	348.0	369.8	382.6	414.0	403.8	401.2	399.4	388.3	336.7	326.6	302.3	290.8	274.8	259.1	258.0	258.3	253.3	249.4	260.0	247.7	253.9	251.5	239.4	232.6	226.3	211.8	194.1	169.8	147.1	139.2	140.0	106.6	68.61	52.58	41.61	31.53	24.88	19.54	25.15	85.40	281.1	734.2	 2070	679.2	28.59	0.984	0.669	0.856	0.221	0.112	-0.128	-0.300	0.049	0.721	0.757	0.054	-0.414	-0.595	-0.750	-0.515	-0.348	-0.309	-0.188	-0.163	0.074	-0.653	0.085	0.038	-0.645	-0.171	-0.453	-0.157
460.0	-40.17	45.48	758.4	555.3	274.5	316.4	347.6	357.3	393.5	392.2	391.1	376.6	363.3	327.4	316.9	281.7	258.1	251.0	241.2	241.3	239.3	234.8	229.7	239.0	236.7	235.6	232.0	224.2	224.5	213.7	200.8	187.1	163.1	143.4	126.8	130.8	124.1	82.09	59.81	45.59	34.95	27.16	21.06	17.17	26.33	69.25	176.1	 1127	 2097	451.7	10.54	0.751	0.677	0.116	-0.183	0.223	-0.310	0.091	0.453	0.375	-0.093	0.121	-0.421	-0.362	-0.646	-0.197	-0.171	-0.206	-0.543	-0.021	-0.208	-0.213	-0.004	-0.596	-0.123	-0.690	-0.520
465.0	-54.72	27.13	619.2	 1004	270.7	277.9	319.3	322.2	350.4	366.3	357.1	366.8	348.5	310.5	297.3	264.9	245.7	240.2	224.1	226.5	226.1	217.8	217.6	221.8	217.6	222.8	213.6	213.5	205.9	205.2	194.5	184.4	162.6	139.6	122.0	115.8	123.8	93.85	61.50	47.47	36.40	29.60	22.87	16.27	15.37	23.29	43.65	288.6	 1449	 1619	84.51	2.839	0.751	0.243	0.167	0.167	-0.050	0.110	0.079	-0.218	-0.323	0.092	-0.040	-0.157	-0.764	-0.359	-0.403	-0.368	-0.724	0.079	-0.447	-0.107	-0.414	-0.672	-0.338	-0.282	-0.997
470.0	-33.11	-1.161	230.0	 1185	704.7	242.9	278.5	304.7	325.8	348.5	330.7	342.5	319.0	298.9	270.0	236.0	223.8	218.5	209.2	206.3	200.8	196.1	195.6	200.5	198.1	197.9	192.4	195.4	192.8	184.4	183.5	167.8	152.4	135.1	115.0	101.2	99.49	99.33	75.82	51.63	40.19	31.18	22.50	17.98	14.16	12.89	15.65	69.48	372.7	 1017	 1221	387.7	20.01	0.458	0.173	0.492	0.339	0.292	-0.207	-0.376	-0.342	-0.025	-0.162	-0.194	-0.564	-0.483	-0.418	-0.352	-0.702	-0.221	-0.305	-0.387	-0.611	-0.920	-0.510	-0.454	-0.708
475.0	-38.18	9.643	134.6	675.8	 1497	379.0	252.5	260.9	290.4	316.1	301.2	316.4	296.0	260.1	236.6	217.2	204.8	190.1	186.8	179.9	178.1	175.9	173.0	172.5	172.8	174.9	174.3	173.6	170.4	169.1	162.3	152.8	142.6	128.8	105.5	94.72	84.67	84.89	84.68	59.09	39.94	31.56	24.95	18.09	14.45	11.67	9.385	20.68	87.42	232.0	568.7	 1307	500.4	14.77	0.258	0.569	0.088	0.166	-0.127	-0.417	-0.007	-0.569	-0.060	-0.781	-0.534	-0.237	-0.548	-0.655	-0.185	-0.600	-0.550	-0.465	-0.537	-0.586	-1.106	-0.798	-0.687
480.0	-5.642	-2.494	80.63	266.2	 1503	799.0	238.3	231.4	267.6	280.9	296.8	286.7	273.0	244.0	221.3	205.0	190.8	177.4	175.6	163.0	157.9	156.6	160.5	165.5	160.9	159.5	156.5	160.2	159.1	158.8	156.3	143.0	133.3	115.9	100.1	91.87	78.30	73.63	78.02	69.08	44.92	32.58	24.86	18.51	14.66	11.22	9.282	9.555	23.72	55.15	139.8	776.4	 1302	101.5	3.663	0.477	-0.177	-0.370	-0.087	0.558	-0.046	-0.671	-0.661	-0.382	0.008	-0.386	-0.182	-0.465	-0.808	-0.648	-0.488	-0.798	-0.388	-0.975	-0.411	-1.023	-1.083
485.0	-39.53	-14.49	48.29	138.1	 1020	 1479	235.2	207.2	239.0	256.6	266.3	281.7	267.8	235.0	202.4	187.0	172.8	168.8	156.3	149.3	144.4	145.7	149.1	147.3	152.2	145.7	147.2	146.3	147.7	146.7	145.2	134.0	125.3	109.3	99.50	84.34	74.35	67.17	65.35	70.98	52.38	34.28	23.93	19.37	15.56	12.15	10.67	7.654	10.09	16.11	34.34	208.4	951.5	833.2	77.20	0.988	-0.120	0.304	0.022	-0.069	-0.605	-0.626	-0.486	-0.116	-0.327	-0.252	-0.443	-0.239	-0.507	-0.309	-0.516	-0.834	0.076	-0.693	-0.576	-0.988	-0.893
490.0	-31.03	-20.07	29.68	97.67	376.3	 1642	824.3	204.1	227.7	249.2	251.2	252.9	241.8	212.8	194.7	167.4	163.3	148.0	144.4	136.6	133.7	135.2	130.3	132.0	134.4	132.7	132.5	135.4	133.9	133.4	133.5	121.9	113.4	105.2	93.83	82.08	72.76	63.39	57.58	57.11	57.63	42.55	26.06	20.14	15.68	12.22	10.86	8.334	7.108	7.485	10.76	48.82	250.3	697.7	901.3	341.1	17.06	0.208	0.092	-0.261	-0.012	-0.021	-0.229	-0.234	-0.518	-0.464	-0.729	-0.264	-0.668	-0.496	-0.647	-0.638	-0.342	-0.974	-0.759	-1.003	-0.515
495.0	-37.23	-23.38	27.39	95.71	165.8	804.0	 1922	318.7	200.3	216.9	227.8	226.5	204.7	198.5	174.7	154.4	142.5	131.9	122.3	119.9	120.5	116.7	119.3	118.2	115.6	121.2	118.3	123.4	122.7	119.2	123.2	112.2	100.0	94.28	86.81	75.43	67.64	58.00	50.52	47.05	47.35	48.62	32.94	21.60	16.83	13.21	10.42	8.742	6.878	5.891	5.407	12.82	57.79	160.6	501.9	 1197	453.1	10.25	0.589	-0.193	-0.177	0.134	-0.563	-0.520	-0.606	-0.579	-0.243	-0.539	-0.338	-1.048	-0.681	-0.619	-1.039	-0.729	-0.839	-1.010	-0.849
500.0	-37.40	-20.94	40.88	64.93	110.9	341.3	 1998	884.4	175.0	190.2	209.2	198.9	204.1	173.3	159.1	145.7	125.6	122.0	111.1	110.2	104.8	106.1	105.3	104.1	107.2	110.8	108.3	114.6	109.8	109.0	107.9	102.1	93.11	84.58	79.49	70.10	65.27	55.66	45.73	43.72	40.45	43.84	38.76	24.03	15.11	14.64	10.53	8.980	7.001	5.897	4.215	5.005	14.53	37.36	126.8	755.5	 1176	98.64	3.261	-0.271	-0.711	-0.010	-0.704	0.047	-0.637	-0.076	-0.268	-0.317	-0.839	-0.692	-0.728	-1.118	-1.196	-0.584	-0.637	-0.866	-0.656
505.0	-49.54	-33.49	7.860	90.64	96.94	163.1	 1298	 1778	209.9	186.6	197.6	191.6	173.1	158.5	143.9	135.9	116.6	105.5	102.2	102.0	97.63	94.35	96.83	92.34	98.26	96.45	95.94	100.8	99.31	101.0	95.82	93.40	86.51	79.70	74.09	66.63	58.55	51.68	46.81	37.66	34.00	36.87	38.40	27.48	16.71	14.03	11.32	9.408	6.684	5.963	4.401	3.560	5.501	9.651	30.38	203.3	898.2	825.2	79.82	0.356	-0.264	-0.409	-0.665	-0.329	-1.053	0.091	-0.220	-0.838	-0.783	-0.459	-0.303	-0.683	-0.788	-0.296	-0.729	-0.897	-1.258
510.0	-47.51	-41.94	7.874	68.60	68.29	104.2	458.0	 2050	950.9	160.8	170.6	164.2	151.3	136.2	128.1	111.9	103.5	96.93	90.67	86.81	83.44	82.51	84.17	82.14	82.50	84.24	86.59	83.82	87.32	86.60	85.61	80.99	75.72	70.71	63.07	57.66	53.70	46.26	41.61	35.73	30.59	28.20	30.80	29.88	21.09	13.77	11.35	9.003	7.145	6.052	4.683	3.283	2.945	3.948	7.806	46.59	239.2	662.4	805.0	274.5	11.38	-0.168	-0.293	-0.599	-0.963	-0.536	-0.634	-0.981	-0.629	-0.961	-0.405	-0.920	-0.944	-0.905	-0.621	-0.825	-1.012
515.0	-37.15	-19.36	17.75	35.10	77.52	74.36	169.8	995.0	 2209	282.5	137.9	141.9	127.9	124.4	108.6	92.12	86.56	78.98	75.06	73.73	75.23	71.81	74.08	68.81	72.17	69.83	72.09	72.19	74.21	73.61	71.30	70.86	64.61	63.02	54.92	49.81	45.54	39.34	37.05	34.08	29.32	23.48	22.47	24.65	25.37	16.84	10.71	8.578	6.701	5.896	4.243	2.647	2.954	2.253	2.907	11.41	54.09	150.9	419.5	931.8	104.6	6.802	-0.466	-0.861	-0.685	-0.722	-0.826	-0.739	-0.875	-1.338	-0.622	-0.649	-1.056	-1.031	-0.801	-1.099	-0.854
520.0	-71.76	-31.52	-15.87	36.70	70.98	72.29	94.74	342.1	 2217	862.8	121.8	113.4	129.7	104.5	100.9	82.44	75.99	73.97	69.64	64.82	61.20	63.47	63.39	60.04	65.05	64.20	65.86	64.21	65.34	68.87	65.91	61.24	60.23	55.78	49.46	45.94	40.11	36.66	33.47	29.08	24.75	22.49	18.79	19.07	24.31	20.13	12.16	8.699	7.334	5.849	4.174	2.959	2.726	1.705	2.015	3.129	13.24	34.55	104.9	581.0	803.0	89.07	1.874	-0.407	-0.818	-0.568	-0.719	-0.655	-0.958	-1.334	-1.157	-0.883	-1.035	-1.203	-0.959	-1.093	-0.905
525.0	-50.30	-44.37	-18.82	6.879	63.77	99.40	71.95	137.9	 1339	 1678	141.2	112.2	108.1	93.21	94.94	73.36	69.73	66.06	63.70	56.34	55.34	54.55	55.26	56.68	56.14	57.43	57.21	58.20	58.33	60.93	58.39	54.54	53.67	49.67	41.91	40.14	37.79	31.25	32.09	27.55	23.18	20.12	17.15	15.62	19.28	24.09	13.96	8.633	6.946	5.295	4.230	3.148	2.306	1.438	1.685	1.764	3.601	8.469	24.02	158.6	642.4	674.3	65.50	0.384	-0.536	-0.381	-1.140	-0.707	-1.136	-1.000	-0.666	-0.740	-1.210	-0.858	-1.016	-0.863	-0.941
530.0	-37.54	-56.50	-24.84	3.749	39.26	93.17	60.79	82.14	437.4	 1874	788.0	106.4	91.50	86.42	78.88	68.07	59.50	54.22	55.02	48.82	49.36	50.44	48.79	47.37	47.45	49.98	51.03	49.29	50.43	49.75	50.73	47.38	46.18	42.64	40.76	35.66	32.99	29.00	26.32	23.59	20.10	17.70	14.80	13.32	13.19	17.74	17.83	10.63	6.480	5.387	3.834	3.283	2.412	1.735	1.244	1.562	2.011	2.472	5.557	35.77	172.0	483.1	563.6	188.4	7.136	-0.768	-0.955	-0.765	-1.017	-0.555	-1.109	-0.969	-1.032	-1.246	-0.862	-0.954	-0.997
535.0	-67.89	-67.48	-14.90	-4.342	26.70	72.08	81.55	64.38	155.4	819.0	 1827	189.7	82.83	72.55	66.82	56.65	49.39	49.83	45.72	41.33	41.68	40.44	37.99	38.79	40.95	41.71	41.40	40.18	41.39	41.67	43.69	40.25	37.70	36.01	32.18	31.26	28.03	24.90	23.80	20.49	17.67	15.24	13.23	10.77	10.16	12.23	14.91	13.53	7.650	4.720	3.701	3.096	2.199	1.736	1.017	1.676	1.155	1.487	0.829	8.215	38.40	109.5	297.6	631.2	100.4	3.973	-0.336	-0.751	-1.073	-0.658	-1.295	-1.264	-1.061	-1.114	-1.116	-1.051	-0.963
540.0	-71.06	-41.89	-31.11	-3.968	7.332	51.83	80.14	56.71	78.03	270.9	 1814	678.8	75.98	65.32	53.42	48.16	44.02	41.47	39.17	33.68	34.42	31.29	34.20	34.25	35.87	35.41	37.07	37.95	36.66	34.52	39.25	36.66	34.42	31.29	30.46	25.92	24.61	22.78	20.79	16.69	15.71	13.08	12.07	9.807	7.999	8.335	9.230	13.57	10.61	5.540	3.739	2.303	2.186	1.763	1.134	1.655	1.040	0.745	0.581	2.160	8.538	24.21	73.37	391.9	550.4	78.81	0.763	-0.992	-0.992	-0.802	-1.230	-1.413	-1.425	-1.267	-1.118	-0.933	-1.113
545.0	-71.90	-92.97	-44.37	-13.05	6.888	33.13	65.44	57.16	53.66	115.9	 1044	 1307	83.84	54.56	50.39	46.28	38.40	32.33	34.69	32.65	31.97	30.40	29.62	30.22	31.60	29.85	32.31	31.23	31.29	31.15	33.64	33.68	30.20	28.42	25.92	21.20	20.59	18.38	17.19	14.83	14.65	11.80	11.25	9.647	7.722	8.326	6.916	11.63	11.55	6.360	3.591	2.334	1.910	1.996	1.526	0.796	0.780	1.190	0.187	0.811	1.486	5.650	16.83	105.4	440.1	456.0	52.04	-1.086	-1.282	-0.846	-1.032	-1.085	-1.170	-1.010	-0.801	-1.186	-0.937
550.0	-77.85	-60.21	-23.22	-15.18	13.27	12.56	44.50	72.26	35.04	60.88	321.6	 1509	601.9	43.19	38.57	38.14	30.16	29.55	29.58	25.52	26.11	26.84	23.71	22.65	24.92	24.07	25.72	25.41	26.54	25.43	26.63	25.21	23.67	22.22	20.57	18.53	17.16	15.20	14.29	12.86	11.00	10.06	8.883	8.070	6.875	6.290	5.514	6.871	9.507	7.842	4.758	2.822	1.618	1.557	1.080	0.821	0.681	0.890	0.429	0.479	0.304	1.392	3.578	23.11	116.6	317.5	363.2	64.26	3.672	-0.897	-1.149	-0.904	-0.979	-1.262	-1.120	-1.333	-1.165
555.0	-60.11	-73.76	-36.15	-39.45	10.18	-0.158	15.81	76.61	43.36	38.24	106.7	627.8	 1492	121.4	30.08	26.50	27.51	21.64	22.73	19.64	20.46	20.86	18.81	18.59	19.24	18.92	18.70	18.82	21.02	21.62	20.26	20.68	18.84	17.45	17.11	14.89	13.99	12.72	10.82	10.74	9.409	7.981	7.425	5.821	4.959	5.561	5.435	4.508	5.803	6.597	6.014	3.051	1.380	1.156	0.635	0.472	0.522	0.617	-0.037	0.275	0.126	0.397	0.811	5.114	25.70	72.13	185.6	376.1	88.36	2.010	-1.054	-1.025	-1.145	-1.052	-1.327	-1.570	-1.145
560.0	-65.51	-65.68	-43.26	-42.30	-12.50	-1.647	6.179	62.97	52.20	19.98	48.71	189.3	 1517	532.7	25.90	21.24	19.99	20.29	18.08	14.82	16.04	16.08	16.30	15.57	16.33	15.36	17.41	17.22	17.48	16.08	17.28	17.51	15.45	14.69	13.99	12.50	12.21	10.67	9.615	8.827	8.489	6.131	5.982	5.460	4.392	3.838	3.636	3.069	3.448	5.587	6.548	4.086	1.174	1.194	1.083	0.469	0.845	0.677	0.219	-0.011	-0.053	-0.432	0.025	0.950	5.101	15.99	44.89	226.7	341.2	65.38	-0.309	-1.188	-0.984	-1.360	-1.310	-1.044	-1.148
565.0	-67.46	-49.41	-37.04	-30.28	-10.06	-5.714	-1.805	30.45	59.87	21.79	34.34	63.18	843.1	991.5	39.77	18.61	17.17	16.19	12.19	12.11	12.63	12.48	13.32	13.58	13.01	12.80	13.05	13.09	13.91	12.39	14.75	13.67	13.21	11.70	11.07	10.01	9.583	9.235	8.603	6.649	6.818	4.995	5.074	4.567	3.304	3.238	3.168	3.084	2.565	3.335	4.894	3.653	2.385	0.267	0.398	0.269	0.103	-0.043	-0.221	0.119	-0.114	-0.226	-0.135	0.219	0.918	3.491	9.432	60.56	258.9	269.8	34.71	-0.965	-1.141	-0.906	-1.378	-1.357	-1.105
570.0	-101.5	-62.29	-21.06	-31.78	-24.43	-11.67	-8.919	6.656	56.78	36.55	23.11	28.12	244.8	 1297	443.3	12.81	11.42	11.91	9.701	10.39	9.589	9.903	9.927	9.348	10.28	9.246	10.40	10.32	11.24	9.432	11.11	9.565	10.40	9.033	8.665	7.419	7.721	6.321	6.325	5.192	5.215	3.177	3.803	2.686	2.803	2.720	2.756	2.039	1.564	2.026	2.638	3.225	2.414	0.925	0.380	0.311	0.066	-0.081	0.192	-0.207	-0.354	-0.301	-0.261	-0.622	-0.242	0.449	1.564	13.22	67.08	179.6	167.7	53.62	1.333	-0.957	-1.280	-1.032	-1.305
575.0	-94.22	-63.35	-31.87	-26.85	-20.09	-11.45	-11.77	-0.378	36.39	63.13	17.95	26.35	68.64	517.6	 1260	77.88	8.411	6.471	8.963	7.493	6.502	8.351	7.638	6.336	7.897	8.419	7.563	6.392	7.811	7.186	8.413	6.508	7.388	6.704	6.419	5.586	4.828	4.502	4.574	4.107	3.687	2.468	2.531	2.064	2.166	1.584	1.819	1.371	1.526	1.445	0.830	2.275	1.870	1.478	0.574	0.156	0.069	0.107	-0.323	-0.438	-0.494	0.075	-0.423	-0.609	-0.281	0.022	0.178	2.270	14.35	40.33	93.28	219.8	67.81	1.063	-0.984	-0.974	-1.327
580.0	-79.13	-43.26	-38.45	-41.67	-28.29	-9.451	-8.741	13.53	10.65	66.95	20.62	20.34	31.80	141.6	 1283	426.6	9.018	4.619	5.026	6.159	6.787	7.821	5.319	6.175	6.131	5.294	5.536	5.417	6.081	7.301	6.402	6.030	5.881	5.124	4.838	5.336	3.811	3.829	3.171	2.636	3.366	1.723	1.615	1.854	1.832	1.180	2.040	0.755	0.711	0.532	0.465	1.285	1.245	2.032	0.612	-0.189	-0.618	-0.397	-0.323	-0.725	-0.489	-0.460	-0.153	-0.523	-0.590	-0.449	-0.608	0.360	2.345	8.326	21.88	126.5	192.8	40.97	-0.588	-0.931	-1.440
585.0	-57.03	-67.74	-40.72	-52.08	-35.67	-12.40	-11.87	0.533	6.461	44.27	47.57	14.06	21.20	47.31	707.1	961.0	21.85	5.237	3.241	3.422	4.212	4.609	3.993	2.802	5.317	4.105	4.257	4.080	4.368	5.269	6.383	4.987	4.234	4.318	2.852	3.990	3.274	2.319	2.403	2.071	2.123	1.487	1.537	1.038	1.457	0.751	0.794	0.426	0.833	0.668	0.476	0.461	0.455	1.297	0.951	-0.308	-0.444	-0.201	-0.354	-0.959	-0.135	-0.760	-0.314	0.004	-0.613	-0.695	-0.479	-0.414	0.537	0.715	4.145	33.36	139.9	113.4	18.75	-1.077	-1.238
590.0	-72.18	-70.63	-46.43	-42.50	-23.58	-18.84	-17.76	-6.205	0.275	21.97	63.16	23.32	18.18	19.36	197.7	 1004	338.7	4.282	2.034	2.120	3.571	2.405	2.793	2.296	2.944	2.660	3.076	2.405	3.260	3.987	3.564	3.613	2.592	3.476	2.884	2.470	2.214	1.570	2.145	1.765	1.069	1.484	1.094	0.432	0.774	0.606	0.077	0.370	0.242	0.371	0.235	-0.156	0.015	0.587	1.050	0.594	-0.436	-0.477	-0.584	-0.068	-0.450	-0.934	-0.491	-0.294	-0.909	-0.621	-0.716	-0.724	-0.138	-0.327	0.451	6.410	35.66	92.15	112.5	38.80	0.276
595.0	-83.83	-87.36	-31.36	-31.84	-15.07	-13.83	-19.34	-12.77	-1.146	7.582	47.27	43.07	17.77	13.74	50.53	382.2	930.5	59.25	1.513	1.970	1.723	1.291	0.973	0.962	0.676	1.946	1.746	1.235	3.313	2.331	1.613	2.659	2.171	2.088	1.624	1.350	1.116	0.918	0.836	0.524	1.110	0.903	0.104	-0.413	-0.097	0.359	0.257	-0.020	0.194	0.506	-0.302	-0.057	-0.281	0.004	0.164	0.190	-0.020	-0.604	-0.255	-0.242	-0.833	-1.179	-0.489	-0.593	-0.711	-1.013	-0.874	-1.080	-0.362	-0.809	-0.201	0.667	7.216	19.79	56.17	128.3	41.96
600.0	-62.24	-83.42	-40.81	-31.38	-4.876	-21.07	-17.62	-5.331	-0.995	7.220	31.86	53.86	14.04	10.48	17.80	99.72	888.0	319.6	1.043	0.623	0.899	0.490	1.518	0.017	-0.857	0.886	0.687	0.268	1.257	1.085	1.511	1.818	1.118	1.524	1.210	0.709	1.225	1.049	1.324	-0.092	0.416	0.546	-0.377	-0.522	0.183	-0.102	-0.056	0.105	-0.064	-0.109	-0.128	-0.223	-0.350	-0.626	-0.444	-0.358	0.288	-0.480	-0.288	-0.861	-0.985	-0.697	-0.399	-1.122	-0.907	-0.767	-0.548	-0.734	-0.734	-0.730	-0.522	-0.558	0.783	3.782	12.74	74.33	114.1
605.0	-96.05	-83.16	-36.68	-50.30	-13.23	-15.87	-12.46	-6.734	-2.728	-1.662	21.71	57.11	23.77	12.83	10.02	26.75	452.7	692.9	12.43	-0.231	-0.123	0.115	0.309	1.264	-0.424	0.355	0.960	0.367	0.318	0.710	-0.349	0.275	1.025	0.560	-0.292	0.506	0.811	-0.032	-0.338	0.151	-0.165	-0.271	-0.478	-0.225	-0.024	-0.237	-0.319	-0.550	-0.050	-0.026	-0.119	-0.400	-0.776	-0.615	-0.773	-0.411	-0.049	0.175	-0.827	-0.696	-0.857	-0.403	-0.774	-1.143	-0.664	-0.766	-0.633	-1.047	-1.085	-0.362	-0.631	-0.927	-0.877	-0.066	2.016	18.41	80.25
610.0	-90.58	-65.44	-53.08	-45.82	-25.33	-23.38	-14.68	-9.669	-0.558	-0.497	10.80	41.39	35.83	15.90	8.511	10.18	120.7	694.9	258.0	1.193	0.517	0.063	-0.095	-0.470	-0.109	-0.453	0.215	0.474	0.920	0.343	0.729	0.189	0.662	0.194	0.706	0.407	0.520	0.155	-0.362	-0.003	-0.045	-0.740	-0.218	-0.316	-0.377	-0.515	-0.581	-0.715	-0.365	-0.073	-0.109	-0.352	-0.610	-0.616	-0.541	-0.740	-0.390	-0.009	-0.530	-0.835	-0.972	-0.729	-0.779	-0.617	-0.790	-0.697	-0.861	-0.425	-1.036	-0.749	-0.814	-0.859	-0.863	-0.463	-0.441	3.213	19.66
615.0	-61.04	-35.95	-55.29	-46.27	-12.68	-25.51	-21.20	-4.571	-3.471	3.316	3.694	22.91	49.92	25.45	9.413	6.101	27.67	247.9	676.9	42.77	-0.136	0.459	0.098	-1.898	-0.330	-1.460	0.028	-0.518	1.025	-0.743	0.703	-0.127	-0.134	-0.227	-0.357	-0.458	-0.131	-0.039	-0.182	-0.441	-0.934	-1.091	-0.491	-0.999	-0.410	-0.257	-0.471	-0.501	-0.278	-0.372	-0.731	-0.823	-0.459	-0.505	-0.932	-0.984	-0.493	-0.144	-0.119	-0.204	-0.721	-1.068	-0.871	-0.457	-0.476	-0.725	-0.982	-0.753	-0.448	-0.541	-1.132	-0.819	-0.794	-0.864	-0.628	-0.055	3.189
620.0	-58.77	-71.67	-29.86	-25.01	-15.93	-18.79	-13.05	-9.056	-6.822	-2.240	1.817	11.38	42.82	26.35	9.563	3.037	8.828	62.19	624.6	247.3	-0.188	-0.065	-2.111	-1.717	-1.104	-1.853	0.160	-1.322	0.099	-0.690	-0.404	-0.088	-0.588	-0.459	-0.358	-0.563	0.161	-0.033	-0.420	-0.193	-1.241	-0.415	-0.868	-0.764	-0.714	-0.878	-1.074	-1.006	-0.479	-0.502	-0.323	-0.875	-0.724	-1.210	-0.816	-0.659	-0.965	-0.671	-0.218	-0.266	-0.252	-1.146	-0.780	-0.753	-0.644	-0.788	-1.326	-0.720	-0.493	-0.861	-1.038	-1.036	-1.171	-1.119	-1.363	-1.188	-0.368
625.0	-69.18	-77.66	-41.08	-32.83	-18.50	-20.19	-19.44	-15.74	-7.255	-0.129	2.550	9.011	34.06	39.75	6.330	1.735	3.554	14.46	327.2	547.2	9.360	-0.387	-0.919	-1.582	-1.768	-1.586	-1.856	-0.171	-0.906	-0.383	-0.493	-0.490	-0.967	-0.207	-0.705	-0.637	0.081	-0.535	-0.574	-0.613	-0.707	0.116	-0.890	-0.627	-0.999	-1.107	-0.824	-0.894	-0.362	-0.420	-0.632	-1.057	-0.555	-0.800	-0.784	-0.844	-0.811	-0.950	-0.658	-0.438	-0.828	-1.241	-1.025	-0.662	-1.135	-0.901	-1.016	-0.869	-0.566	-0.834	-1.082	-1.013	-1.249	-0.838	-1.302	-1.787	-0.996
630.0	-85.92	-69.66	-47.87	-29.50	-12.47	-17.22	-12.36	-10.02	1.238	1.444	3.130	12.88	19.59	37.82	15.88	2.031	2.235	3.898	85.30	540.0	211.5	-0.694	-0.917	-1.102	-0.943	-0.667	-2.016	-0.796	-0.796	-0.664	-1.142	-1.012	-1.260	-0.584	-0.433	-0.440	-0.539	-0.953	-1.077	-0.977	-0.925	-1.003	-1.245	-0.941	-0.572	-0.883	-0.440	-0.789	-0.729	-0.668	-0.748	-0.931	-0.723	-1.019	-0.518	-1.059	-0.912	-0.970	-1.021	-0.436	-0.819	-0.892	-0.950	-0.990	-0.991	-1.213	-0.963	-0.896	-0.973	-0.910	-0.677	-1.168	-1.128	-1.173	-1.202	-1.285	-1.343
635.0	-67.92	-61.62	-47.25	-35.40	-23.72	-16.90	-20.86	-5.402	-9.976	-8.086	1.204	10.54	10.10	27.09	29.71	4.715	2.078	2.414	19.20	194.8	540.9	36.87	-1.937	-2.140	-1.941	-0.655	-1.893	-1.647	-1.239	-1.795	-1.119	-1.181	-0.882	-1.137	-1.378	-0.908	-0.626	-0.758	-1.283	-0.831	-1.221	-0.868	-1.161	-1.415	-0.584	-1.177	-0.574	-0.588	-0.651	-0.488	-0.709	-0.527	-0.787	-1.031	-0.743	-1.248	-1.203	-0.914	-0.978	-0.977	-0.588	-0.372	-0.663	-0.883	-0.797	-1.193	-1.017	-1.191	-0.987	-1.126	-1.012	-0.688	-0.805	-1.343	-1.150	-1.322	-1.482
640.0	-37.96	-65.98	-54.82	-3.204	-22.81	-27.64	-19.90	-10.15	-8.934	-3.589	5.316	10.06	8.510	15.40	34.84	7.122	2.611	0.493	3.562	46.77	501.6	190.4	-1.585	-2.295	-1.392	-1.673	-1.194	-1.572	-1.730	-1.800	-1.383	-1.403	-1.245	-1.150	-0.807	-1.470	-1.313	-0.614	-1.101	-0.876	-0.467	-0.799	-0.802	-1.448	-0.687	-0.860	-0.451	-1.052	-0.868	-0.793	-0.548	-1.155	-0.872	-1.311	-1.004	-1.299	-1.185	-1.285	-0.794	-1.344	-1.016	-0.571	-0.776	-1.183	-0.730	-1.148	-0.726	-1.048	-0.863	-1.238	-0.880	-0.743	-0.593	-1.206	-1.319	-1.393	-1.018
645.0	-45.49	-68.45	-54.45	-27.36	-25.62	-17.96	-19.07	-10.14	-4.132	3.126	3.334	6.924	7.884	8.184	27.35	14.50	1.996	-0.264	1.402	10.01	264.2	419.9	7.630	-2.010	-2.387	-1.123	-1.894	-1.089	-1.801	-1.494	-1.857	-1.689	-1.606	-1.400	-1.096	-1.516	-1.393	-1.323	-1.013	-1.272	-0.876	-1.231	-1.159	-1.353	-0.905	-1.482	-0.584	-0.874	-0.811	-1.037	-0.815	-1.186	-0.469	-1.232	-0.915	-1.126	-1.173	-0.983	-1.080	-1.156	-0.897	-0.769	-1.037	-0.871	-0.982	-1.291	-0.920	-1.009	-1.254	-1.124	-0.938	-1.003	-0.984	-0.864	-1.038	-1.299	-1.244
650.0	-73.21	-38.75	-67.83	-34.75	-27.68	-27.23	-10.75	-1.711	-4.959	3.882	2.111	9.656	12.74	12.04	20.47	22.82	3.496	-1.524	0.449	2.462	78.61	491.8	78.71	-1.140	-2.143	-1.521	-1.440	-1.032	-1.926	-2.068	-1.884	-1.277	-2.358	-1.819	-1.707	-1.144	-1.059	-1.786	-1.379	-1.125	-1.072	-1.194	-1.080	-1.294	-1.396	-1.249	-0.817	-1.009	-0.785	-0.878	-1.021	-1.016	-0.838	-1.201	-1.107	-1.446	-0.904	-1.101	-0.961	-1.128	-1.284	-0.740	-0.725	-0.766	-1.129	-1.076	-1.173	-1.502	-1.265	-1.000	-1.672	-0.963	-0.944	-1.085	-0.780	-1.132	-1.393
