Sample:	'1
File name:	Default_20230217_094751.FD3
Run date:	'09:41:30, 02/17/2023
Operator:	user
Comment:	'

Instrument
Model:	F-2700 FL Spectrophotometer
Serial number:	2190-003
ROM Version:	4J14000 07

Instrument parameters
Measurement type:	3-D scan
Data mode:	Fluorescence
EX  Start WL:	220.0 nm
EX  End WL:	600.0 nm
EX Sampling interval:	5.0 nm
EM  Start WL:	230.0 nm
EM  End WL:	650.0 nm
EM Sampling interval:	5.0 nm
Scan speed:	12000 nm/min
EX Slit:	5.0 nm
EM Slit:	5.0 nm
PMT Voltage:	700 V
Response:	Auto 
Corrected spectra:	Off
Contour interval:	50.000

Peak integration
Integration method:	Rectangular
Sensitivity:	1
Threshold:	1.000

Peaks
No.	ApexEX/EM(nm)	Height(Data)
1	225.0/300.0	150.2
2	240.0/260.0	138.7
3	240.0/520.0	4.696
4	245.0/265.0	129.0
5	245.0/365.0	 8129
6	245.0/530.0	0.158
7	250.0/270.0	176.3
8	250.0/545.0	16.50
9	255.0/555.0	24.44
10	270.0/295.0	 3272
11	270.0/505.0	29.10
12	270.0/590.0	225.0
13	275.0/300.0	 3193
14	295.0/545.0	-1.984
15	305.0/340.0	501.4
16	310.0/345.0	441.4
17	320.0/360.0	300.3
18	320.0/605.0	-6.486
19	325.0/365.0	273.9
20	325.0/500.0	29.39
21	330.0/300.0	-4.087
22	330.0/370.0	218.4
23	330.0/575.0	-2.362
24	335.0/375.0	218.1
25	340.0/385.0	219.1
26	345.0/390.0	186.5
27	350.0/395.0	180.9
28	355.0/405.0	176.0
29	360.0/410.0	143.4
30	360.0/635.0	-4.467
31	365.0/415.0	137.2
32	370.0/425.0	124.9
33	375.0/430.0	105.2
34	380.0/435.0	90.84
35	385.0/445.0	85.21
36	385.0/545.0	7.062
37	390.0/450.0	65.91
38	395.0/455.0	58.20
39	400.0/465.0	50.48
40	405.0/470.0	38.31
41	410.0/475.0	32.18
42	415.0/485.0	28.47
43	420.0/490.0	22.00
44	425.0/495.0	20.60
45	435.0/510.0	14.19
46	440.0/515.0	10.93
47	445.0/525.0	10.50
48	450.0/530.0	8.502
49	455.0/540.0	6.473
50	460.0/545.0	4.968
51	465.0/550.0	4.076
52	490.0/365.0	12.12
53	490.0/585.0	-0.687
54	495.0/360.0	12.36
55	535.0/295.0	2.982
56	540.0/300.0	3.734
57	550.0/305.0	3.520

Data points
	220.0	225.0	230.0	235.0	240.0	245.0	250.0	255.0	260.0	265.0	270.0	275.0	280.0	285.0	290.0	295.0	300.0	305.0	310.0	315.0	320.0	325.0	330.0	335.0	340.0	345.0	350.0	355.0	360.0	365.0	370.0	375.0	380.0	385.0	390.0	395.0	400.0	405.0	410.0	415.0	420.0	425.0	430.0	435.0	440.0	445.0	450.0	455.0	460.0	465.0	470.0	475.0	480.0	485.0	490.0	495.0	500.0	505.0	510.0	515.0	520.0	525.0	530.0	535.0	540.0	545.0	550.0	555.0	560.0	565.0	570.0	575.0	580.0	585.0	590.0	595.0	600.0
230.0	-277.5	-98.65	798.9	617.6	-65.61	-88.33	-73.91	-64.88	-57.91	-54.25	-47.42	-41.97	-35.95	-29.48	-21.14	-19.05	-17.00	-14.01	-12.73	-10.88	-9.802	-8.446	-8.106	-7.393	-7.059	-6.973	-6.560	-6.077	-6.351	-5.842	-5.333	-5.708	-5.232	-4.673	-4.318	-3.685	-3.507	-3.755	-3.553	-3.590	-3.353	-3.002	-3.441	-3.169	-3.125	-3.013	-2.804	-2.405	-1.041	-0.732	-1.401	-2.559	-2.339	-2.606	-2.453	-2.623	-2.647	-2.642	-2.815	-2.826	-2.830	-3.016	-2.861	-2.817	-2.846	-3.099	-2.991	-3.120	-3.235	-3.174	-3.054	-3.147	-3.041	-3.114	-2.919	-3.180	-3.353
235.0	-241.6	-183.1	209.2	 1112	843.1	-7.661	-77.04	-69.29	-57.88	-55.35	-51.46	-47.44	-34.11	-31.13	-24.32	-19.30	-15.31	-15.02	-12.98	-10.80	-9.472	-9.021	-7.591	-8.066	-7.867	-7.258	-5.760	-5.867	-6.310	-5.520	-5.343	-5.680	-5.043	-4.390	-4.713	-3.607	-3.257	-3.254	-3.083	-3.746	-3.439	-3.040	-3.361	-3.046	-3.517	-3.216	-2.741	-2.460	-1.981	-0.858	-0.196	0.022	-1.309	-2.509	-2.471	-2.621	-2.694	-3.100	-2.717	-3.160	-2.676	-3.004	-2.867	-3.130	-2.538	-3.269	-3.040	-3.094	-3.265	-3.318	-3.005	-3.084	-3.001	-3.001	-2.722	-3.335	-3.363
240.0	-243.8	-202.4	-85.94	561.8	 1753	809.2	-51.88	-66.49	-64.98	-61.77	-44.62	-43.20	-35.12	-28.63	-18.90	-15.27	-16.23	-13.32	-12.74	-10.41	-10.05	-7.579	-7.496	-7.608	-7.130	-7.122	-6.594	-6.417	-5.888	-6.522	-4.570	-5.180	-5.298	-4.843	-4.595	-4.171	-3.419	-3.210	-3.132	-3.643	-3.585	-3.086	-3.179	-3.069	-3.135	-2.802	-2.610	-2.668	-2.148	-1.969	-1.101	0.162	1.184	-0.157	-1.900	-2.372	-2.454	-2.794	-2.688	-3.217	-2.784	-2.874	-2.817	-3.071	-2.829	-3.073	-2.953	-2.982	-2.906	-3.094	-2.414	-3.062	-2.904	-2.985	-2.762	-3.355	-3.254
245.0	-251.3	-213.5	-130.4	54.69	 1047	 2098	660.5	-61.93	-59.40	-51.37	-49.38	-43.81	-37.09	-27.15	-24.90	-17.75	-15.42	-13.46	-11.10	-9.932	-8.935	-8.679	-7.365	-7.343	-7.687	-6.578	-6.835	-6.439	-6.885	-6.059	-5.677	-5.017	-5.771	-4.903	-4.436	-3.920	-3.633	-3.659	-3.475	-3.816	-3.738	-3.269	-2.872	-3.206	-3.062	-2.969	-2.375	-2.879	-2.478	-2.085	-1.974	-1.923	-0.326	1.670	1.708	-0.989	-2.570	-2.400	-2.841	-3.085	-3.196	-2.817	-3.058	-3.049	-2.674	-3.245	-2.683	-3.126	-3.041	-3.036	-2.803	-2.888	-3.247	-3.140	-2.833	-3.516	-3.141
250.0	-295.1	-205.6	-84.03	-10.78	189.3	 1079	 2166	 1143	127.5	-49.91	-48.15	-40.63	-37.28	-27.75	-23.97	-20.27	-14.95	-12.41	-12.24	-10.93	-9.461	-9.240	-7.236	-7.670	-6.862	-6.580	-6.302	-6.143	-6.010	-5.559	-5.874	-6.017	-5.180	-4.353	-4.332	-4.063	-3.766	-3.928	-3.474	-3.500	-3.374	-3.100	-3.261	-2.834	-3.128	-3.112	-2.581	-2.659	-2.233	-1.904	-1.976	-2.473	-2.002	-1.456	0.080	1.230	1.369	1.003	-0.995	-2.492	-3.184	-2.669	-2.816	-3.196	-2.843	-3.283	-2.745	-2.943	-2.760	-3.145	-3.284	-3.025	-3.076	-3.125	-3.384	-3.555	-3.157
255.0	-231.4	-211.7	-123.1	29.50	56.89	192.1	780.1	 2715	 1672	155.5	-45.66	-36.30	-36.02	-27.56	-21.69	-17.97	-17.84	-14.35	-12.53	-10.26	-8.769	-9.750	-7.090	-7.372	-7.522	-6.906	-5.549	-6.245	-6.408	-5.845	-4.988	-5.442	-4.995	-4.662	-4.271	-4.235	-4.021	-3.888	-3.219	-3.763	-2.902	-3.271	-3.552	-3.028	-3.266	-2.815	-2.630	-2.826	-2.377	-1.813	-1.998	-2.491	-2.247	-2.663	-1.950	-2.002	-1.661	1.448	4.338	3.348	-0.035	-2.675	-2.954	-2.726	-2.703	-3.181	-2.776	-3.020	-2.994	-2.921	-3.246	-3.493	-3.150	-3.499	-2.942	-3.650	-3.457
260.0	-267.5	-228.9	-145.6	-31.12	138.7	41.78	127.1	 1255	 3631	 1389	45.50	-37.80	-31.91	-24.55	-24.31	-16.68	-15.09	-13.86	-12.16	-9.295	-9.836	-9.409	-7.721	-7.185	-7.820	-6.129	-5.644	-6.407	-6.493	-6.169	-5.397	-5.381	-5.160	-5.079	-4.123	-3.804	-3.730	-4.109	-3.851	-3.934	-3.190	-3.555	-3.498	-3.305	-2.635	-2.866	-2.845	-2.706	-2.538	-2.191	-1.759	-2.289	-1.902	-2.349	-2.113	-2.547	-2.562	-1.617	0.608	4.128	6.445	2.919	-1.718	-3.019	-2.675	-3.069	-2.711	-2.632	-2.823	-3.158	-2.920	-3.554	-3.118	-3.195	-2.979	-3.738	-3.741
265.0	-279.5	-232.5	-152.4	-102.1	86.14	129.0	5.592	272.1	 1874	 4417	 1089	-1.036	-30.35	-25.04	-24.38	-16.14	-15.99	-13.31	-10.88	-9.183	-9.160	-9.095	-8.266	-7.801	-6.088	-6.584	-5.403	-5.826	-6.364	-6.047	-6.066	-5.408	-4.628	-5.073	-4.167	-4.034	-4.082	-3.937	-3.068	-3.653	-3.156	-3.226	-3.643	-3.413	-3.145	-2.800	-2.664	-2.562	-2.510	-2.214	-1.912	-2.324	-1.959	-1.937	-2.070	-2.474	-2.649	-2.454	-2.245	-1.111	2.673	7.159	6.370	1.579	-2.102	-3.127	-2.682	-2.467	-3.086	-2.942	-2.987	-3.061	-3.371	-3.032	-3.008	-3.312	-3.226
270.0	-244.4	-205.7	-154.9	-117.4	-51.78	109.8	176.3	82.26	431.7	 2029	 3807	 2637	240.3	-24.95	-23.00	-16.07	-16.10	-13.20	-10.94	-9.131	-9.288	-8.970	-8.114	-7.961	-6.459	-6.499	-5.385	-6.159	-5.569	-6.346	-5.312	-5.025	-4.677	-4.711	-4.025	-3.742	-4.267	-3.588	-3.846	-3.211	-3.499	-2.952	-3.342	-2.948	-3.084	-2.759	-2.587	-2.671	-2.508	-2.136	-2.127	-2.444	-2.203	-2.425	-2.081	-1.849	-2.103	-2.638	-2.406	-2.241	-1.443	0.207	2.411	5.253	5.939	4.590	0.396	-2.261	-3.052	-3.229	-3.214	-2.713	-3.226	-3.021	-3.036	-3.208	-3.316
275.0	-220.0	-216.4	-148.4	-115.9	-68.50	-24.24	164.7	362.3	228.5	598.1	 1478	 4919	 4070	277.1	-19.03	-16.43	-14.24	-13.94	-10.63	-10.36	-8.279	-8.081	-7.864	-6.623	-7.429	-6.606	-5.918	-4.906	-4.670	-5.533	-5.233	-5.061	-5.003	-4.686	-4.698	-3.767	-4.465	-3.733	-4.009	-3.665	-3.374	-3.262	-3.218	-3.200	-3.202	-2.682	-2.386	-2.787	-2.310	-2.277	-2.149	-2.478	-2.432	-2.295	-2.407	-2.530	-1.874	-1.556	-1.479	-2.305	-2.232	-1.845	-1.488	0.168	0.554	6.105	11.24	9.442	0.177	-3.125	-2.695	-2.923	-3.437	-3.251	-3.337	-3.022	-3.210
280.0	-173.2	-159.4	-121.1	-114.3	-81.04	-31.64	89.50	529.7	599.7	625.5	998.9	 2538	 6081	 3317	90.68	-15.15	-13.81	-12.79	-10.94	-10.52	-8.603	-9.071	-7.812	-7.306	-7.071	-6.239	-6.301	-5.647	-5.739	-5.973	-5.574	-5.628	-4.558	-4.683	-4.491	-3.850	-4.318	-3.666	-3.801	-3.474	-3.076	-3.566	-3.036	-2.911	-2.616	-3.145	-2.560	-2.592	-2.252	-2.304	-2.011	-2.544	-2.562	-2.400	-2.519	-2.546	-2.419	-1.976	-1.070	-1.265	-1.788	-1.658	-1.748	-1.327	-1.176	0.355	4.883	11.71	11.93	5.704	-1.612	-2.828	-2.998	-3.085	-3.194	-3.211	-3.395
285.0	-147.4	-90.50	-93.81	-79.46	-69.51	-2.046	110.2	483.3	 1080	 1179	 1452	 1697	 3373	 6532	670.5	20.80	-13.50	-11.28	-11.48	-10.36	-8.773	-9.549	-7.076	-6.693	-7.531	-7.487	-6.393	-6.012	-6.165	-6.405	-5.617	-5.787	-4.439	-4.559	-4.144	-3.799	-3.874	-3.398	-3.604	-3.523	-3.533	-3.763	-3.007	-2.987	-2.112	-2.483	-2.701	-2.526	-2.107	-1.856	-2.111	-2.713	-2.214	-2.645	-2.408	-2.194	-2.052	-2.068	-1.113	-0.094	-0.010	-0.972	-0.620	-0.411	-0.543	-0.232	0.993	3.148	7.767	13.72	11.25	1.411	-2.392	-3.469	-3.296	-3.012	-3.271
290.0	-45.69	21.36	-20.23	-33.54	-18.90	37.29	191.7	545.5	 1195	 1937	 2401	 2194	 1885	 2877	 4327	 2368	156.6	-10.83	-9.883	-9.238	-8.739	-8.388	-7.029	-7.221	-6.869	-6.538	-5.726	-5.431	-5.302	-5.770	-5.122	-5.273	-4.431	-4.229	-4.315	-3.637	-3.776	-3.446	-3.334	-3.669	-3.350	-3.441	-3.501	-3.080	-2.603	-2.785	-2.349	-2.339	-2.405	-1.680	-2.064	-2.355	-2.244	-2.356	-2.367	-2.414	-2.377	-1.887	-1.431	-1.072	0.230	1.000	1.145	1.281	1.109	0.857	0.778	0.682	0.632	2.813	5.652	9.920	10.21	5.735	0.150	-2.856	-3.409
295.0	36.53	115.8	43.03	31.72	32.28	111.2	288.6	643.8	 1280	 2146	 3272	 2759	 1710	979.7	 1376	 4439	 3317	194.6	-7.349	-6.642	-7.477	-8.587	-6.730	-7.342	-6.455	-6.235	-6.059	-6.037	-4.937	-5.627	-5.716	-5.235	-3.754	-4.160	-3.955	-3.777	-3.890	-3.234	-3.399	-3.498	-3.209	-3.964	-3.505	-2.683	-2.913	-2.524	-2.014	-2.513	-2.278	-1.898	-1.874	-2.361	-1.951	-2.208	-2.254	-2.407	-1.880	-1.526	-1.127	-1.114	-0.149	1.142	1.857	2.982	2.922	2.370	1.133	0.446	-0.601	-0.921	-0.707	0.270	2.772	8.803	15.63	11.86	1.010
300.0	1.616	150.2	117.2	65.76	58.94	142.0	302.6	669.1	 1265	 2114	 3159	 3193	 1794	611.2	401.9	 1682	 5280	 2552	107.2	-4.859	-7.854	-8.649	-4.087	-6.807	-6.317	-6.350	-5.808	-5.815	-4.867	-5.857	-4.827	-4.905	-3.895	-3.795	-4.288	-3.754	-3.641	-3.425	-3.978	-2.969	-2.678	-3.891	-3.112	-3.271	-2.640	-3.108	-2.329	-2.202	-2.356	-1.563	-1.638	-1.925	-1.839	-2.153	-1.929	-2.106	-1.970	-1.786	-1.076	-0.900	0.126	0.450	1.919	2.674	3.734	3.449	2.941	0.588	-0.037	-1.593	-1.815	-1.995	-1.023	0.063	6.193	16.02	19.11
305.0	41.50	126.7	130.9	120.7	92.91	152.5	300.7	658.0	 1218	 1972	 2737	 3103	 1980	535.5	210.0	437.3	 2395	 5436	 1860	44.93	-7.433	-7.381	-6.073	-7.437	-6.699	-6.197	-5.942	-5.270	-5.140	-5.855	-5.089	-3.563	-4.274	-3.713	-3.931	-3.661	-3.885	-3.527	-3.513	-3.001	-3.048	-3.553	-3.331	-3.276	-2.532	-2.546	-2.271	-1.814	-2.128	-1.555	-1.710	-1.965	-1.947	-2.314	-1.921	-2.070	-2.078	-1.983	-1.248	-0.460	-0.465	0.246	0.990	1.742	2.847	2.637	3.520	1.738	-0.476	-1.904	-2.409	-1.966	-2.299	-2.496	-0.739	3.369	12.25
310.0	-11.49	102.4	149.9	150.1	164.2	186.4	301.6	602.6	 1031	 1656	 2265	 2395	 1902	793.9	227.9	170.0	600.1	 2271	 4352	 3236	115.1	-4.802	-4.816	-5.758	-6.060	-5.987	-5.994	-6.040	-5.700	-5.523	-5.262	-4.206	-4.531	-4.365	-3.980	-3.588	-3.906	-3.766	-3.310	-3.162	-3.004	-3.634	-3.388	-3.057	-2.657	-2.717	-2.229	-2.038	-1.914	-1.558	-1.476	-2.164	-1.934	-2.031	-1.981	-2.112	-1.834	-1.511	-1.862	-1.017	-0.511	0.126	0.727	1.300	1.494	1.596	1.667	0.960	0.080	-1.125	-1.860	-2.274	-2.482	-2.449	-2.397	-1.194	0.512
315.0	-61.85	92.24	235.7	254.8	270.1	275.8	345.2	528.0	868.6	 1304	 1795	 1825	 1366	922.8	495.6	156.4	196.8	548.8	 1295	 5845	 2273	158.9	-4.566	-4.256	-5.786	-5.518	-6.325	-5.654	-5.521	-5.834	-4.952	-4.667	-4.422	-3.887	-4.354	-4.103	-3.813	-3.688	-3.462	-3.339	-3.472	-2.795	-3.149	-3.054	-2.753	-2.858	-2.503	-2.359	-1.833	-1.584	-1.686	-1.538	-1.600	-1.823	-1.923	-2.091	-1.793	-1.148	-1.648	-0.908	-0.895	-0.706	-0.127	0.960	0.996	0.361	0.411	0.408	-0.570	-0.775	-0.782	-1.607	-2.439	-2.434	-2.473	-2.700	-2.101
320.0	-45.72	242.1	526.2	508.3	408.0	429.7	494.6	607.1	857.5	 1232	 1556	 1579	 1190	773.4	762.4	305.9	146.4	189.0	325.8	 2148	 4617	 1891	91.64	-4.059	-4.240	-5.009	-6.184	-6.133	-4.859	-5.415	-4.692	-4.371	-4.414	-3.792	-3.509	-3.978	-3.700	-3.567	-3.026	-3.684	-3.387	-3.465	-3.491	-3.125	-3.124	-2.710	-2.191	-1.731	-1.333	-1.190	-1.381	-1.371	-1.315	-1.559	-1.326	-1.420	-1.410	-1.585	-1.242	-0.726	-0.791	-0.555	0.326	0.256	0.019	0.036	0.000	0.194	-0.966	-1.573	-1.555	-0.860	-1.628	-2.028	-2.544	-3.072	-2.957
325.0	-8.000	423.9	947.2	869.0	717.6	817.0	847.9	846.6	957.8	 1196	 1416	 1431	 1110	737.9	737.2	576.6	208.4	132.4	123.7	531.9	 2166	 4930	 1464	29.10	-3.929	-4.114	-5.110	-5.283	-5.382	-4.795	-4.926	-5.332	-4.544	-3.657	-4.151	-3.827	-3.206	-4.046	-3.779	-3.480	-3.328	-3.589	-3.273	-2.757	-2.704	-2.493	-1.653	-1.095	-0.993	-0.369	-1.060	-0.929	-1.110	-0.921	-0.566	-1.197	-0.857	-1.054	-0.846	-0.640	-0.403	-0.628	-0.103	0.374	0.118	-0.402	-0.303	-0.501	-1.222	-1.517	-1.521	-0.813	-0.629	-1.164	-1.933	-2.627	-2.825
330.0	58.95	591.2	 1306	 1593	 1633	 1810	 1742	 1530	 1346	 1391	 1337	 1263	 1033	739.7	568.8	571.0	439.0	192.4	108.2	170.7	542.5	 2115	 4078	 2001	89.80	-2.426	-3.977	-4.132	-4.960	-4.547	-4.488	-5.108	-4.307	-3.539	-4.101	-3.531	-3.615	-3.667	-3.247	-3.665	-3.378	-2.941	-3.417	-2.819	-2.655	-1.900	-1.501	-0.849	-0.101	0.089	0.009	0.463	0.580	0.544	1.266	0.580	0.640	0.317	0.591	0.055	0.139	0.099	-0.223	-0.048	-0.225	-0.470	-0.409	-0.796	-1.139	-1.630	-1.306	-1.693	-1.534	-1.568	-1.229	-1.851	-2.225
335.0	124.0	937.1	 2020	 2546	 3082	 3093	 3196	 2633	 2004	 1791	 1432	 1203	 1031	772.8	580.7	452.2	493.1	410.4	169.4	116.1	176.2	506.1	 1275	 3824	 1700	126.7	-4.094	-4.002	-4.681	-4.695	-3.783	-4.872	-3.859	-4.618	-3.738	-3.911	-3.655	-3.711	-3.366	-2.876	-2.883	-3.181	-3.252	-2.876	-2.409	-1.718	-0.263	-0.066	1.617	0.913	1.294	2.519	2.607	3.259	2.960	3.763	3.223	3.351	2.751	1.555	1.655	0.774	0.696	0.163	-0.167	-0.366	-0.684	-0.766	-0.835	-1.597	-1.147	-1.592	-1.417	-2.118	-2.092	-2.013	-1.086
340.0	283.5	 1182	 2734	 3421	 4184	 4388	 4509	 3546	 2678	 2160	 1520	 1183	996.4	788.0	590.6	444.1	398.9	501.4	305.8	125.1	106.0	151.8	309.4	 1502	 4315	 1510	75.70	-2.961	-3.418	-4.120	-4.081	-4.070	-4.084	-4.303	-3.494	-3.455	-3.595	-3.859	-3.544	-3.180	-3.226	-3.091	-2.785	-3.123	-2.535	-1.779	-0.532	0.480	1.632	2.846	3.313	4.263	5.500	5.164	6.407	5.873	5.911	4.525	4.245	2.831	2.673	2.254	1.314	1.119	-0.201	-0.456	-0.682	-0.685	-1.011	-0.908	-1.088	-1.598	-1.455	-2.227	-2.208	-2.259	-1.290
345.0	377.2	 1290	 3026	 4319	 5293	 5702	 5572	 4426	 3133	 2498	 1596	 1118	919.5	761.6	600.8	426.9	356.6	400.3	441.4	194.1	97.99	78.36	95.03	367.8	 2147	 4516	 1193	26.53	-2.664	-4.153	-3.459	-3.734	-4.213	-3.425	-3.579	-3.308	-3.050	-3.537	-3.297	-3.674	-2.876	-3.090	-3.101	-2.386	-2.479	-1.406	0.044	1.014	2.287	3.330	3.729	5.628	6.810	7.297	7.862	7.532	7.876	7.257	5.853	3.566	3.386	2.930	2.191	0.922	0.062	0.039	-1.045	-0.594	-0.620	-0.664	-1.638	-1.589	-1.097	-1.966	-2.168	-2.133	-1.702
350.0	471.1	 1508	 3201	 4737	 6248	 7079	 6739	 5290	 3750	 2817	 1676	 1062	846.0	724.9	576.7	424.1	357.0	324.3	366.8	335.9	156.8	72.83	56.95	105.5	523.6	 2031	 3538	 1804	78.37	-2.422	-3.524	-3.491	-4.104	-3.292	-3.843	-2.881	-2.841	-3.108	-3.347	-3.499	-3.173	-2.809	-2.860	-2.328	-1.974	-1.212	0.168	1.722	3.096	4.058	4.755	6.600	8.408	10.04	10.54	10.43	9.439	8.712	7.260	5.555	4.351	3.717	2.375	1.188	-0.128	-0.582	-1.293	-0.971	-1.110	-1.094	-1.719	-1.540	-1.321	-1.749	-1.689	-2.221	-2.173
355.0	493.9	 1572	 3486	 5220	 6837	 7874	 7449	 5803	 4147	 2960	 1715	 1010	798.8	678.4	549.6	421.2	358.3	307.6	276.6	296.9	293.6	119.8	56.32	57.92	138.7	469.5	 1166	 3708	 2840	105.5	-1.704	-2.693	-3.647	-3.844	-3.531	-2.638	-2.726	-3.534	-3.671	-3.061	-2.881	-3.171	-2.651	-2.394	-1.664	-1.292	0.321	2.010	3.397	4.388	5.786	7.451	8.596	10.81	10.97	11.65	11.45	9.648	7.628	6.390	5.589	3.364	3.037	1.512	0.919	-0.961	-1.553	-0.887	-1.638	-1.303	-1.469	-1.669	-1.442	-2.243	-1.840	-2.062	-2.241
360.0	564.0	 1637	 3744	 5268	 6875	 8101	 7562	 6107	 4321	 3089	 1732	961.0	734.8	650.2	524.6	403.4	355.8	312.8	253.9	228.9	300.3	212.1	74.95	51.71	58.77	125.3	278.8	 1565	 4528	 1311	64.93	-2.057	-3.288	-2.466	-3.522	-3.451	-2.836	-3.576	-2.840	-3.194	-3.538	-3.498	-2.889	-2.226	-2.043	-1.170	-0.039	1.329	3.084	4.421	5.588	8.580	8.817	11.45	12.08	12.36	11.12	9.837	8.431	5.963	4.990	4.298	2.648	1.583	0.245	-0.659	-0.858	-0.956	-1.206	-1.930	-1.314	-2.023	-1.240	-1.826	-1.658	-1.938	-1.846
365.0	473.9	 1768	 3356	 5274	 7090	 8129	 7699	 6039	 4280	 3037	 1704	898.4	698.2	607.9	498.1	404.4	354.4	311.1	256.2	200.5	221.6	273.9	135.3	56.76	44.57	53.52	81.42	379.9	 2296	 4594	 1072	19.52	-2.225	-2.238	-3.612	-3.343	-3.451	-3.059	-2.746	-3.324	-3.326	-2.788	-2.860	-2.191	-1.898	-1.111	0.221	1.425	3.565	3.870	5.603	8.515	9.073	11.47	12.12	12.07	11.49	10.51	8.988	6.946	4.131	4.996	2.489	1.777	0.055	-0.590	-1.066	-1.381	-1.365	-1.580	-1.723	-1.928	-1.716	-1.850	-1.834	-1.866	-1.915
370.0	426.1	 1632	 3241	 5152	 6729	 7837	 7494	 5774	 4081	 2877	 1579	826.6	636.8	556.4	476.2	389.9	339.9	308.7	252.6	194.7	162.9	196.4	218.4	118.9	56.17	44.62	42.25	102.2	561.1	 2206	 3885	 1772	58.64	-1.327	-2.233	-2.381	-3.119	-3.021	-3.298	-3.206	-2.707	-2.639	-2.524	-2.373	-1.637	-1.307	0.276	1.207	2.678	3.700	5.598	8.386	9.042	10.77	11.95	11.74	10.74	9.829	8.201	6.444	4.723	4.627	2.712	1.342	-0.342	-0.512	-1.228	-1.491	-1.554	-1.813	-1.646	-1.752	-1.903	-1.700	-2.219	-2.009	-2.101
375.0	355.2	 1419	 3149	 4615	 6348	 7165	 6981	 5441	 3684	 2651	 1453	728.9	569.5	506.6	438.1	368.2	311.7	293.0	253.0	197.0	153.6	141.3	182.1	218.1	104.4	53.80	42.44	46.35	142.7	503.6	 1364	 3994	 1176	74.88	-1.631	-2.383	-2.375	-3.057	-3.089	-3.521	-2.878	-2.549	-2.877	-2.411	-2.203	-1.778	-0.007	0.865	2.563	3.197	4.695	7.678	8.518	10.11	11.05	10.62	9.846	8.760	7.115	5.009	4.720	3.728	1.929	0.866	-0.092	-0.977	-1.362	-1.953	-1.093	-1.829	-2.299	-1.780	-2.046	-1.779	-2.376	-2.063	-2.397
380.0	350.0	 1198	 2839	 4238	 5739	 6578	 6203	 4856	 3361	 2458	 1305	654.4	521.2	461.8	396.6	342.0	307.8	289.4	250.5	187.5	152.3	129.1	141.3	204.6	178.8	75.96	48.21	38.29	51.03	125.8	322.3	 1808	 4193	 1023	37.10	-1.478	-2.167	-2.504	-2.771	-3.014	-3.091	-3.395	-2.586	-2.747	-1.794	-1.847	0.013	0.929	1.823	2.514	4.336	6.761	7.186	9.070	9.993	9.891	8.316	7.459	6.882	4.839	3.532	3.036	1.224	0.584	-1.088	-0.927	-1.547	-1.869	-1.866	-2.094	-1.837	-2.018	-2.132	-2.227	-2.189	-2.355	-2.235
385.0	302.1	 1061	 2265	 3643	 5272	 6064	 5641	 4446	 3110	 2207	 1186	599.6	463.4	424.4	381.1	319.1	298.9	277.9	234.3	197.1	154.0	129.6	123.7	151.1	219.1	133.6	57.68	41.57	36.47	46.41	86.46	442.5	 2440	 3992	749.6	8.458	-2.406	-2.399	-2.835	-2.831	-2.714	-3.207	-2.705	-2.492	-2.029	-2.016	-0.869	0.728	1.455	2.305	3.243	5.832	6.102	7.785	8.115	8.249	7.510	6.235	5.544	3.949	3.133	1.943	1.072	-0.183	-0.550	-1.053	-1.494	-1.990	-2.131	-1.847	-2.052	-2.333	-2.157	-2.228	-1.793	-2.262	-2.329
390.0	205.9	917.3	 2044	 3334	 4355	 5007	 4819	 3720	 2619	 1847	 1018	529.0	415.1	377.8	330.2	282.7	264.8	256.5	224.2	191.6	154.6	134.3	118.5	120.4	158.1	186.5	113.7	55.62	39.71	34.04	36.85	110.3	603.3	 2078	 3078	 1349	42.43	-1.299	-2.046	-2.325	-2.878	-3.087	-2.618	-2.459	-2.217	-2.040	-1.210	-0.192	1.380	1.873	2.605	4.260	5.131	6.055	6.391	6.324	6.494	5.701	4.214	3.136	2.219	1.245	0.652	-0.517	-0.936	-1.574	-1.453	-1.683	-1.956	-1.885	-2.041	-2.239	-2.490	-2.412	-2.030	-2.647	-2.300
395.0	122.5	724.2	 1593	 2700	 3644	 4258	 3827	 3018	 2167	 1503	857.0	458.0	350.5	330.6	297.2	247.0	234.1	238.7	219.0	187.1	156.6	135.8	121.4	115.7	114.5	148.7	180.9	101.1	48.14	38.15	28.47	39.33	143.6	472.1	 1222	 3419	913.1	53.50	-2.026	-1.904	-1.841	-2.780	-2.719	-2.840	-2.020	-2.189	-0.847	-0.583	0.197	1.000	2.417	3.224	3.148	4.560	5.892	4.694	4.792	4.315	2.873	1.846	1.050	1.145	0.194	-0.807	-0.939	-2.104	-1.912	-1.484	-2.206	-2.064	-2.266	-2.325	-2.504	-2.194	-2.466	-2.793	-2.404
400.0	62.76	608.1	 1379	 2254	 3058	 3470	 3248	 2597	 1859	 1323	733.1	410.3	330.1	297.7	278.6	227.9	223.1	226.0	201.1	178.1	155.9	135.8	124.1	114.7	105.2	112.9	167.2	158.9	70.13	43.20	31.62	25.65	43.76	112.7	288.7	 1720	 3332	788.6	23.89	-1.659	-2.375	-1.575	-2.620	-2.545	-2.115	-2.253	-1.289	-0.974	-0.041	0.427	1.091	2.147	2.271	3.555	3.249	4.046	3.470	2.494	2.606	1.770	0.626	0.352	-0.300	-0.786	-1.705	-2.376	-2.111	-2.039	-2.381	-2.014	-2.484	-1.971	-2.349	-2.090	-2.561	-2.129	-2.570
405.0	21.31	473.0	 1135	 1905	 2589	 2908	 2915	 2231	 1602	 1088	646.3	351.5	299.0	282.1	239.2	222.4	211.6	206.4	188.8	170.5	143.8	135.4	130.1	118.0	103.0	104.8	126.2	176.0	110.8	54.16	36.13	26.74	25.53	34.74	70.93	428.6	 2082	 3129	580.2	4.964	-2.217	-2.380	-2.625	-2.642	-2.371	-1.742	-1.198	-1.267	-0.261	0.333	0.863	2.168	1.579	2.800	2.758	2.846	2.439	1.998	1.817	0.975	0.538	-0.301	-0.810	-1.506	-1.364	-2.247	-2.061	-2.252	-2.285	-2.529	-2.182	-2.003	-2.349	-2.065	-2.622	-2.636	-2.447
410.0	-10.71	336.8	926.8	 1510	 2088	 2413	 2284	 1776	 1258	890.3	523.9	312.0	258.1	248.9	219.3	198.4	192.7	191.4	177.2	160.1	140.7	136.7	128.7	117.0	107.6	100.3	101.2	122.9	143.4	94.61	43.58	31.34	23.46	21.27	24.42	101.9	524.1	 1756	 2493	 1034	35.05	-1.532	-2.336	-2.401	-2.240	-1.989	-1.758	-1.497	-1.046	0.007	0.569	0.867	1.586	1.538	1.552	1.531	1.883	1.343	0.769	0.287	-0.019	-0.304	-0.871	-1.627	-1.743	-2.311	-1.843	-1.920	-2.059	-2.285	-2.598	-2.296	-2.248	-2.305	-2.117	-2.407	-2.416
415.0	-48.14	231.7	719.8	 1200	 1700	 1843	 1795	 1379	982.1	708.8	429.6	267.6	226.1	217.2	190.8	179.5	172.1	171.6	165.9	141.0	132.0	130.4	124.7	114.0	108.1	99.75	93.33	90.88	111.6	137.2	77.89	37.17	25.90	20.19	16.11	30.61	121.7	397.2	 1035	 2723	800.8	47.54	-1.542	-2.471	-2.459	-1.974	-1.672	-1.609	-0.996	-0.545	0.025	-0.372	0.675	0.827	1.008	0.645	1.385	0.406	-0.485	-0.630	-0.787	-1.139	-1.083	-1.582	-2.122	-2.349	-2.227	-2.404	-2.305	-2.244	-2.341	-2.844	-2.546	-2.457	-2.213	-2.500	-2.618
420.0	-74.71	151.4	514.2	925.0	 1313	 1503	 1448	 1156	827.9	597.4	354.2	222.2	203.3	194.6	179.8	156.2	164.4	153.9	148.0	139.0	129.6	121.9	117.1	112.2	106.4	99.34	92.44	85.10	87.71	123.8	117.1	53.73	29.26	21.85	15.34	15.93	32.37	92.47	246.2	 1439	 2740	689.0	15.06	-1.888	-2.183	-1.632	-1.916	-1.972	-1.397	-0.681	-0.490	-0.535	-0.113	0.836	0.098	-0.004	0.421	-0.440	-0.678	-0.904	-0.987	-1.378	-1.473	-1.933	-2.043	-2.730	-2.374	-2.570	-2.028	-2.388	-2.184	-2.304	-2.464	-2.259	-1.897	-2.957	-2.843
425.0	-139.1	118.3	420.9	769.4	 1093	 1258	 1215	975.7	677.8	522.7	326.2	216.7	184.3	178.9	165.1	151.6	153.3	140.8	137.1	129.9	123.7	119.8	111.3	109.0	106.4	97.09	90.79	87.17	79.35	90.86	124.9	82.66	36.58	24.92	18.51	12.66	13.35	25.12	57.81	364.5	 1767	 2686	465.3	1.496	-2.065	-2.130	-1.617	-1.586	-1.579	-0.385	-0.736	-0.372	-0.002	0.007	0.004	-0.301	-0.055	-0.389	-1.015	-1.378	-1.342	-1.697	-1.766	-2.380	-2.061	-2.702	-2.379	-2.394	-2.354	-2.236	-2.366	-2.611	-2.744	-2.441	-2.737	-2.615	-2.518
430.0	-120.5	23.92	333.8	604.9	832.7	973.7	937.2	757.7	571.9	412.0	270.2	187.3	156.3	165.3	141.3	129.0	137.7	132.7	125.1	117.5	112.4	109.4	110.0	105.1	101.4	96.04	90.37	84.22	78.20	74.77	91.52	105.2	64.17	30.87	20.55	14.47	12.50	12.03	17.33	83.66	446.9	 1522	 2052	430.6	29.46	-1.314	-1.375	-1.338	-1.391	-0.820	-0.938	-0.921	-0.599	-0.603	-0.440	-0.560	-0.840	-1.291	-1.103	-1.295	-1.733	-1.556	-2.008	-2.220	-2.320	-2.463	-2.400	-2.794	-2.328	-2.259	-2.555	-2.724	-2.548	-2.546	-2.480	-2.896	-2.464
435.0	-113.2	-19.14	213.7	419.3	654.0	749.1	733.1	618.9	469.8	323.9	229.5	174.2	141.9	155.4	134.7	127.0	125.5	126.7	109.9	109.5	108.9	108.6	105.9	100.3	102.2	92.61	90.28	82.99	74.69	69.82	67.67	82.43	90.84	55.33	25.66	17.23	12.76	9.968	9.279	21.66	101.7	343.3	884.3	 2322	714.9	38.27	-1.078	-0.888	-1.256	-1.423	-1.150	-1.341	-1.186	-1.153	-0.771	-0.980	-1.250	-1.448	-1.170	-1.245	-1.746	-1.984	-2.261	-2.093	-2.256	-1.879	-2.211	-2.586	-2.742	-2.446	-2.615	-2.501	-2.608	-2.644	-2.602	-2.557	-2.359
440.0	-39.93	-24.88	164.6	378.1	502.4	605.7	585.6	481.0	358.8	303.9	197.1	167.1	141.6	143.1	119.1	108.3	111.6	112.3	100.9	102.4	102.0	98.71	97.84	94.89	93.45	91.44	87.68	79.87	76.73	70.40	63.36	61.56	87.22	78.85	33.57	19.62	15.12	10.27	8.086	8.883	24.99	78.49	210.2	 1304	 2521	593.4	11.30	-1.373	-1.164	-1.104	-0.968	-1.558	-1.596	-1.297	-0.867	-1.210	-1.487	-1.413	-1.821	-1.375	-2.199	-2.444	-2.471	-1.928	-2.050	-1.814	-2.534	-2.700	-2.564	-2.421	-2.229	-2.616	-2.386	-2.574	-2.382	-2.517	-2.895
445.0	-79.57	57.38	141.8	299.7	469.8	524.2	480.0	415.5	329.7	270.3	177.7	163.0	124.5	127.2	118.2	102.0	101.0	104.9	100.7	95.71	97.08	93.42	94.37	91.47	89.37	86.86	81.58	78.27	76.16	69.84	61.18	55.02	61.61	85.21	52.91	23.64	15.95	10.65	8.880	6.544	8.834	19.27	48.41	333.3	 1687	 2414	81.50	1.473	-0.913	-1.216	-1.140	-0.946	-1.103	-1.847	-1.397	-1.257	-1.531	-1.478	-1.806	-1.852	-2.062	-2.281	-2.313	-1.851	-2.594	-2.516	-2.930	-2.349	-2.831	-2.427	-2.561	-3.100	-2.821	-2.649	-2.906	-2.996	-2.918
450.0	-146.6	124.4	145.0	225.5	356.5	404.0	383.5	331.3	272.0	217.3	159.1	128.9	107.4	109.0	104.4	90.82	92.97	90.79	93.39	88.33	89.20	87.07	85.91	83.61	83.66	82.10	79.67	75.83	71.57	67.32	61.36	51.76	48.16	59.85	65.91	41.13	19.90	12.41	9.236	6.578	5.867	7.540	12.33	75.39	429.6	 1488	 1979	723.1	22.87	-1.041	-0.842	-1.785	-1.299	-1.646	-1.340	-1.364	-1.944	-1.638	-1.959	-1.716	-2.132	-1.946	-2.418	-2.141	-2.531	-2.800	-2.487	-2.362	-3.003	-2.850	-2.902	-2.834	-2.634	-2.763	-2.679	-3.042	-3.027
455.0	-176.4	29.61	312.0	206.3	247.9	265.5	289.1	263.4	209.0	169.7	131.1	98.99	101.2	87.72	88.03	83.54	85.35	82.78	81.52	78.51	75.02	79.67	79.14	78.62	77.17	75.09	75.23	71.22	66.70	62.30	57.87	50.21	42.72	41.35	49.78	58.20	32.73	14.96	11.16	7.410	5.174	4.913	4.885	18.46	96.26	337.3	912.0	 2168	553.6	23.56	-0.638	-1.170	-1.410	-1.508	-1.512	-1.240	-1.831	-1.735	-2.405	-2.287	-2.038	-1.691	-2.461	-2.265	-2.668	-2.708	-2.187	-2.581	-2.956	-2.764	-2.808	-2.257	-2.855	-2.833	-2.874	-2.606	-3.300
460.0	-257.6	-80.55	443.4	309.6	191.8	223.0	249.1	211.8	181.1	144.2	110.4	84.87	88.53	86.18	81.15	74.56	77.47	78.13	74.47	71.47	68.17	72.79	70.80	72.79	69.69	68.58	68.40	65.50	62.77	61.06	54.56	48.17	40.33	34.39	36.19	52.06	46.99	20.31	11.12	8.872	5.972	4.961	3.637	6.505	23.04	76.63	219.3	 1236	 2066	406.0	9.110	-1.176	-1.561	-1.536	-1.264	-1.687	-1.919	-1.606	-2.186	-2.309	-1.948	-2.198	-2.476	-2.322	-2.434	-2.415	-2.543	-2.685	-2.479	-2.866	-2.539	-2.519	-2.617	-2.763	-3.000	-2.785	-2.625
465.0	-295.9	-147.2	372.4	567.3	189.4	215.3	225.0	187.6	154.7	138.3	104.8	95.46	84.84	75.36	76.92	70.37	65.86	69.88	64.92	66.50	67.32	63.69	67.41	69.35	63.91	63.81	64.64	62.16	58.74	58.16	54.71	45.84	38.43	32.64	30.76	37.59	50.48	31.78	12.76	9.014	6.328	5.208	3.679	3.878	6.579	17.75	50.06	322.0	 1484	 1765	64.68	1.043	-1.209	-1.580	-1.660	-1.931	-1.425	-1.837	-2.076	-2.115	-2.067	-2.172	-2.147	-2.458	-2.580	-2.820	-2.311	-3.012	-2.776	-2.559	-2.982	-2.996	-2.666	-2.832	-2.534	-2.825	-3.039
470.0	-254.9	-160.3	90.26	764.7	378.7	157.9	160.6	142.4	119.1	112.1	90.09	73.41	72.84	65.14	67.80	59.37	61.18	60.64	55.97	57.23	58.95	58.10	57.11	57.83	56.57	58.05	57.64	55.48	53.88	52.23	48.10	40.95	34.67	31.05	27.24	26.64	33.92	38.31	23.02	10.36	7.256	4.934	3.806	2.998	3.637	5.083	12.35	72.98	382.3	 1140	 1403	331.0	18.55	-1.479	-1.462	-1.855	-1.581	-2.068	-2.149	-2.027	-2.169	-2.111	-2.265	-2.669	-2.650	-2.494	-2.512	-2.838	-2.435	-2.893	-2.783	-2.818	-2.769	-2.737	-2.617	-2.828	-3.191
475.0	-223.4	-189.8	-59.41	505.3	967.7	157.2	111.3	95.11	87.23	86.50	73.83	70.23	54.07	53.85	58.94	47.47	48.09	50.33	51.84	46.22	51.72	50.98	49.93	50.67	48.94	50.84	49.10	47.95	46.49	46.33	44.54	36.77	31.91	28.23	25.05	21.40	20.77	29.21	32.18	18.07	7.060	5.564	3.952	3.071	2.502	2.562	3.929	17.11	85.94	257.5	639.7	 1451	484.6	20.05	-1.735	-1.770	-2.102	-2.201	-1.952	-2.406	-1.956	-2.133	-2.458	-2.753	-2.658	-2.688	-2.745	-2.334	-2.721	-3.184	-2.923	-2.787	-2.584	-3.025	-2.950	-3.070	-3.064
480.0	-244.1	-181.8	-106.3	138.3	 1236	332.8	92.90	90.32	77.08	55.30	53.64	57.80	47.41	51.01	47.67	42.51	46.36	45.19	43.80	47.51	45.76	43.62	45.22	47.34	44.03	48.23	45.34	45.16	42.07	42.01	38.47	36.34	31.53	27.55	22.36	18.97	17.41	19.00	30.22	26.78	10.46	4.801	4.442	3.269	2.037	2.239	1.889	4.551	19.96	57.64	153.3	819.0	 1490	393.2	3.739	-1.286	-1.595	-2.130	-2.291	-2.134	-2.388	-2.141	-2.549	-2.541	-2.518	-2.455	-2.894	-2.153	-2.698	-2.759	-2.793	-2.667	-2.602	-3.045	-2.830	-2.622	-2.896
485.0	-241.7	-154.4	-95.51	0.591	924.5	774.5	90.30	81.94	75.12	53.32	48.98	46.89	46.78	49.33	42.59	39.25	40.90	43.20	41.08	43.12	41.79	42.83	41.22	44.99	41.02	41.29	41.66	40.52	39.63	39.35	35.39	34.76	30.21	24.54	22.32	18.09	17.44	15.61	20.50	28.47	17.56	6.700	4.395	4.566	2.777	2.481	2.122	1.972	4.884	13.07	34.59	211.7	 1055	 1360	68.80	-0.015	-1.758	-2.150	-2.394	-2.294	-2.242	-2.488	-2.752	-2.739	-2.692	-2.800	-2.703	-2.393	-2.650	-2.669	-2.455	-2.686	-2.614	-2.772	-2.832	-2.661	-2.820
490.0	-254.9	-169.4	-85.06	-40.02	304.2	971.6	376.3	57.09	50.96	49.33	44.16	37.13	36.85	40.26	40.60	36.06	35.71	35.72	34.91	36.69	35.87	37.28	36.15	36.60	37.98	37.96	38.40	36.06	35.01	35.28	32.36	30.68	27.41	22.89	20.64	17.92	14.62	13.83	13.18	19.95	22.00	13.49	5.461	3.881	2.740	2.238	1.533	1.311	1.650	3.288	8.084	47.01	269.9	838.7	 1163	329.8	19.25	-2.126	-1.937	-2.277	-2.381	-2.258	-2.461	-2.613	-2.562	-2.768	-2.630	-2.839	-3.029	-2.766	-2.549	-2.681	-2.728	-2.752	-2.945	-2.794	-3.076
495.0	-271.9	-183.5	-65.63	-46.40	36.13	506.9	961.1	96.16	38.62	40.62	34.17	32.00	36.24	33.93	30.42	30.15	32.41	31.81	30.14	34.76	31.57	27.02	32.12	29.39	32.90	33.98	31.95	33.59	33.14	32.58	30.16	26.95	24.13	20.99	19.18	16.63	13.37	11.80	10.97	11.67	16.18	20.60	11.38	3.777	2.910	2.484	1.634	1.348	0.909	1.475	1.749	9.987	60.31	188.1	547.3	 1384	523.8	19.14	-1.945	-2.162	-2.352	-2.304	-2.487	-2.092	-2.491	-2.914	-2.851	-2.417	-2.684	-2.660	-2.898	-2.858	-2.627	-2.918	-2.756	-2.799	-2.610
500.0	-258.4	-198.2	-94.24	-63.56	2.054	179.0	 1111	374.1	31.34	31.98	23.94	20.98	28.34	30.05	25.66	22.62	30.67	27.66	25.35	25.59	28.30	29.39	26.03	29.63	27.63	27.50	26.54	29.23	28.89	30.22	27.86	25.34	22.20	19.42	19.16	14.92	13.32	10.40	9.009	8.412	9.661	17.63	16.90	5.451	2.956	2.746	1.707	1.587	0.739	0.814	0.531	1.559	13.06	42.00	129.1	768.5	 1480	396.3	3.834	-2.125	-2.262	-2.146	-2.386	-2.386	-2.415	-2.899	-2.709	-2.697	-2.767	-2.772	-2.514	-2.711	-2.883	-2.764	-2.880	-3.236	-3.427
505.0	-247.2	-165.1	-98.55	-51.30	-35.77	50.95	736.5	819.2	58.63	20.74	29.10	24.20	16.53	20.59	24.61	17.36	25.62	22.90	23.63	19.55	24.32	26.20	22.14	26.88	24.79	25.88	24.27	26.54	24.57	26.62	23.17	22.39	20.61	17.90	16.76	13.58	12.31	10.34	8.621	7.803	6.765	12.32	16.12	10.67	3.612	1.885	1.960	1.544	0.976	0.908	0.030	-0.269	2.373	8.496	27.95	197.5	 1022	 1324	74.18	-1.091	-2.037	-2.454	-2.556	-2.501	-2.837	-2.370	-2.711	-2.796	-2.827	-2.801	-2.586	-2.795	-3.028	-2.766	-3.133	-3.020	-3.177
510.0	-243.9	-186.9	-114.7	-26.34	-32.28	-4.514	229.9	 1003	408.4	17.33	19.57	19.40	14.01	13.60	16.33	14.91	17.46	16.96	17.98	17.67	20.31	18.89	18.91	21.74	21.51	21.87	20.83	21.12	19.95	21.65	20.50	19.05	18.25	14.92	13.41	12.13	10.74	9.167	8.497	6.864	5.762	6.707	10.28	14.19	7.505	2.637	1.970	1.551	0.918	0.795	0.337	-0.684	0.057	1.119	5.757	43.33	258.3	788.7	841.1	320.3	17.03	-2.403	-2.414	-2.111	-2.832	-2.389	-2.509	-2.582	-2.727	-2.641	-2.897	-2.852	-2.645	-2.604	-3.005	-2.834	-2.992
515.0	-294.1	-205.9	-110.3	-53.76	-10.12	-24.80	33.12	478.1	 1068	88.43	9.668	7.436	7.516	5.860	6.164	10.07	10.96	12.24	13.65	13.45	13.79	15.05	15.76	16.03	16.89	19.18	16.05	18.33	18.41	17.70	18.49	16.98	15.34	13.76	9.887	10.54	8.361	7.597	5.981	6.060	4.334	4.151	5.485	10.06	10.93	5.223	1.850	0.958	0.734	1.053	0.322	-0.489	-0.481	-0.451	0.224	8.743	56.11	176.2	413.1	 1161	480.5	13.74	-2.389	-2.082	-2.411	-2.109	-2.911	-2.311	-2.768	-2.918	-2.940	-2.999	-2.783	-2.660	-3.008	-3.039	-3.154
520.0	-336.5	-171.7	-136.7	-78.97	4.696	-30.74	-11.26	137.5	 1107	442.9	8.474	0.932	5.703	4.794	1.369	8.242	9.025	7.672	14.83	9.537	12.50	13.13	12.70	12.55	13.84	15.77	13.95	16.31	16.14	15.08	14.06	13.50	12.85	10.84	9.375	8.846	8.390	6.075	5.902	5.788	4.023	3.377	3.243	5.515	10.56	9.401	3.268	0.807	1.112	1.068	0.424	-0.519	-0.020	-0.906	-0.963	1.085	11.39	37.98	97.25	630.8	 1146	82.34	2.254	-2.414	-1.840	-2.920	-2.934	-2.547	-2.899	-2.784	-2.844	-2.972	-2.955	-2.858	-2.798	-3.303	-2.466
525.0	-345.3	-219.4	-162.7	-100.6	2.669	-23.96	-35.94	15.06	655.5	 1023	19.66	3.086	5.013	3.188	-0.202	7.285	7.076	3.424	8.863	7.614	10.82	9.507	10.44	13.05	11.38	13.58	13.01	12.40	13.14	14.47	11.96	11.72	10.62	8.630	8.003	6.732	7.595	6.120	5.661	4.073	3.484	2.115	2.746	3.039	7.237	10.50	5.873	1.353	0.811	0.679	0.130	-0.721	-0.376	-1.130	-0.946	-0.692	1.110	6.951	20.57	158.4	752.4	972.1	69.68	-1.471	-1.972	-2.635	-2.272	-2.670	-3.061	-2.540	-2.586	-3.137	-2.931	-2.674	-2.624	-3.386	-2.838
530.0	-281.8	-202.7	-142.4	-117.1	-52.64	0.158	-28.04	-21.00	174.9	 1060	481.7	-1.196	-3.043	1.518	0.961	2.848	3.954	2.834	5.475	7.582	7.121	8.974	8.491	10.07	8.899	10.46	10.70	10.26	12.03	11.71	10.60	10.07	9.245	7.747	7.475	6.871	5.311	4.393	4.162	3.221	2.960	1.751	1.677	1.937	2.948	6.753	8.502	4.326	0.850	0.404	0.107	-0.928	-0.901	-1.281	-1.313	-1.413	-1.096	0.351	3.232	34.15	188.2	589.8	687.9	278.3	12.90	-2.679	-2.475	-2.974	-2.857	-2.874	-2.795	-3.062	-3.090	-2.907	-3.073	-3.042	-2.824
535.0	-265.9	-201.3	-157.8	-105.7	-84.05	-11.41	-22.07	-26.78	18.94	408.9	 1144	97.01	-6.212	0.719	-1.755	0.060	-0.167	0.128	4.245	3.811	4.177	4.248	5.825	7.004	7.384	7.294	6.709	8.123	9.129	9.538	6.775	8.545	7.451	6.322	5.438	5.490	4.578	3.541	3.246	2.430	2.294	1.429	0.982	0.647	1.285	1.862	6.285	6.060	2.201	0.117	-0.095	-1.051	-0.914	-1.385	-1.251	-1.375	-1.785	-1.390	-1.142	6.063	40.22	131.1	308.6	808.6	355.6	8.246	-2.329	-2.907	-2.902	-2.717	-3.064	-2.575	-3.123	-3.202	-3.344	-2.895	-3.240
540.0	-269.7	-196.3	-156.0	-112.8	-81.69	-23.67	10.35	-29.09	-15.75	99.09	 1060	492.8	-12.69	-6.828	-2.303	-5.411	-0.094	0.229	1.671	2.548	2.874	4.445	5.288	5.691	4.244	5.815	5.005	7.006	7.314	7.636	5.933	6.821	6.000	5.769	4.023	3.755	3.261	2.433	2.519	1.668	1.481	0.401	0.641	0.367	0.843	0.621	2.449	6.473	3.908	1.510	-0.171	-1.047	-0.872	-1.065	-1.267	-1.317	-1.291	-1.723	-2.129	-0.234	7.235	28.19	70.90	417.0	787.1	78.88	-0.004	-2.625	-2.994	-2.801	-2.976	-2.850	-2.721	-2.732	-3.123	-2.555	-3.206
545.0	-221.4	-211.4	-170.8	-103.5	-86.45	-63.16	16.50	-42.64	-30.66	12.12	558.9	 1014	25.52	-8.780	-5.273	-1.984	-4.072	0.070	-0.867	1.137	3.163	4.482	2.618	2.758	3.136	5.883	5.840	4.552	4.453	4.603	5.183	4.656	4.848	7.062	3.948	3.166	2.801	2.074	1.806	0.738	0.938	0.296	0.621	0.301	0.567	0.017	0.422	3.423	4.968	2.749	-0.207	-1.281	-1.183	-1.615	-1.032	-1.699	-1.430	-1.851	-2.267	-1.735	-0.282	4.716	14.34	102.9	513.2	630.5	60.93	-2.521	-2.784	-2.888	-2.971	-2.865	-2.641	-3.043	-3.181	-2.858	-2.958
550.0	-266.5	-212.7	-168.6	-82.08	-86.95	-68.57	-3.526	-0.086	-22.83	-2.130	153.7	984.7	473.0	-5.689	-6.652	-5.282	-5.679	-2.375	-1.661	0.172	0.957	1.073	1.634	1.249	2.058	2.844	2.691	3.776	3.337	3.149	3.282	3.581	2.473	3.098	2.143	1.964	1.525	0.967	1.112	0.156	0.188	-0.125	0.108	-0.393	-0.251	-0.535	-0.343	0.841	2.996	4.076	1.136	-1.010	-1.613	-1.702	-1.522	-1.741	-1.553	-1.792	-2.031	-1.898	-1.695	-0.846	1.292	21.27	127.8	389.4	505.2	189.9	5.231	-3.080	-2.762	-3.016	-2.905	-3.042	-3.091	-3.090	-3.119
555.0	-255.3	-212.8	-176.9	-93.79	-101.6	-71.11	-30.53	24.44	6.327	8.456	58.75	386.9	 1026	103.2	-11.10	-10.85	-7.378	-4.050	-4.409	-2.183	-2.071	-2.006	-0.041	0.828	-1.983	1.596	1.094	1.855	2.438	1.141	1.906	1.758	1.317	1.432	0.759	0.526	0.040	1.007	0.553	-0.309	-0.106	-0.464	-0.247	-1.010	-0.368	-1.123	-0.660	-0.437	0.214	2.958	2.050	-0.016	-0.929	-1.684	-1.732	-1.961	-1.820	-1.713	-1.752	-2.317	-2.129	-2.196	-1.539	2.540	26.66	86.18	225.2	545.8	81.73	2.041	-2.760	-2.947	-3.045	-2.666	-2.983	-2.583	-3.467
560.0	-245.7	-196.9	-170.4	-117.4	-103.3	-73.12	-40.34	21.62	28.04	33.04	65.22	156.9	918.9	453.3	-6.568	-10.50	-8.337	-5.615	-5.356	-2.806	-3.191	-1.780	-1.747	0.658	-1.121	0.180	-0.761	-0.564	0.546	0.850	0.789	0.702	-0.177	0.270	-0.256	-0.263	-0.377	-0.606	-0.517	-1.516	-0.909	-0.897	-1.413	-1.356	-1.112	-1.459	-0.977	-1.224	-0.805	1.200	1.655	0.537	-1.207	-2.059	-1.653	-2.087	-1.995	-2.050	-1.790	-2.211	-2.332	-2.394	-2.295	-1.136	4.478	17.39	51.52	301.6	469.4	67.81	-1.486	-3.438	-2.948	-2.751	-3.068	-3.102	-3.105
565.0	-255.7	-225.9	-159.5	-118.5	-95.97	-82.44	-52.91	8.009	63.68	66.77	94.51	113.9	489.5	864.7	19.92	-13.81	-8.323	-7.415	-5.853	-6.325	-5.216	-2.882	-2.509	-1.664	-1.675	-1.668	-1.116	-0.656	-0.616	-0.122	-0.643	-0.837	-0.228	-1.172	-0.122	-0.026	-0.746	-1.470	-0.777	-0.601	-0.693	-1.738	-1.588	-1.514	-1.828	-0.991	-1.167	-1.152	-0.902	-0.334	1.009	0.667	-0.661	-1.445	-1.697	-2.003	-2.095	-2.142	-2.188	-1.990	-2.091	-2.252	-2.031	-2.261	-0.390	2.189	9.769	76.95	343.7	382.9	44.80	-2.632	-2.799	-2.850	-2.926	-3.361	-3.437
570.0	-240.7	-217.6	-154.9	-122.4	-101.8	-77.31	-51.77	-2.960	90.18	110.9	132.8	142.2	192.8	803.6	399.5	-9.778	-8.988	-8.561	-5.592	-6.658	-4.574	-4.859	-3.898	-3.941	-3.733	-2.907	-2.660	-2.232	-2.333	-1.147	-1.716	-1.676	-1.175	-0.860	-0.740	-0.725	-1.048	-1.823	-1.172	-1.351	-1.848	-2.228	-1.882	-2.051	-1.836	-1.674	-1.505	-1.605	-1.498	-1.050	-0.662	-0.172	-0.263	-1.138	-1.672	-2.279	-2.393	-2.257	-2.796	-2.076	-2.093	-2.496	-2.255	-2.503	-1.904	-1.090	0.541	15.24	87.04	245.4	307.7	125.3	1.529	-2.878	-2.960	-3.365	-3.259
575.0	-239.2	-213.8	-145.8	-122.0	-104.0	-72.47	-55.40	-5.914	73.33	147.4	165.1	168.3	122.6	280.3	852.7	74.40	-9.420	-10.87	-7.882	-6.496	-6.458	-5.133	-2.362	-4.552	-3.509	-2.988	-3.562	-3.275	-2.597	-2.668	-2.855	-1.792	-2.046	-1.886	-1.959	-1.347	-1.823	-1.896	-1.759	-1.744	-1.870	-2.254	-2.135	-2.420	-1.892	-1.895	-1.898	-2.175	-1.771	-1.518	-1.237	-1.249	-0.284	-0.329	-1.734	-2.122	-2.227	-2.471	-2.214	-2.186	-2.215	-2.301	-2.113	-2.728	-2.161	-2.261	-1.648	1.219	17.41	53.50	153.1	416.0	72.25	-0.418	-2.985	-3.345	-3.318
580.0	-241.8	-174.8	-147.9	-109.6	-93.92	-67.93	-49.41	4.910	75.94	193.2	205.1	184.1	107.1	82.59	709.8	359.6	-12.25	-9.175	-7.533	-6.850	-5.688	-6.235	-4.354	-4.456	-5.322	-4.310	-4.246	-3.633	-2.840	-3.059	-2.351	-2.851	-3.122	-2.435	-1.807	-1.822	-2.438	-1.796	-1.844	-1.928	-2.092	-2.872	-2.281	-2.195	-1.979	-1.880	-1.563	-2.047	-1.757	-1.725	-1.734	-1.794	-1.046	-0.615	-1.451	-2.240	-2.058	-2.387	-1.810	-2.254	-1.793	-1.857	-2.358	-2.055	-2.294	-2.232	-2.123	-1.892	2.087	10.11	35.14	240.3	282.6	53.86	-2.345	-2.983	-3.262
585.0	-242.8	-216.7	-139.9	-119.3	-99.50	-74.71	-55.93	-7.015	55.03	167.2	219.2	181.2	98.77	24.64	346.3	621.5	12.66	-10.81	-10.16	-7.801	-7.250	-7.691	-4.899	-5.258	-4.507	-5.261	-3.947	-3.554	-3.618	-3.051	-3.427	-3.263	-3.019	-2.365	-2.559	-2.544	-2.476	-2.555	-2.723	-2.388	-2.183	-2.911	-2.909	-2.186	-2.614	-1.786	-2.058	-2.047	-2.168	-1.971	-1.640	-2.110	-1.548	-1.056	-0.687	-1.587	-2.305	-1.976	-2.500	-2.153	-2.385	-2.255	-2.181	-2.192	-2.335	-2.525	-2.344	-2.286	-1.499	-0.216	5.703	62.14	215.5	240.0	26.94	-3.018	-3.026
590.0	-238.7	-185.6	-147.2	-111.6	-95.80	-70.27	-49.51	-1.208	49.61	131.6	225.0	179.8	100.6	13.25	82.79	544.3	291.0	-9.439	-9.946	-8.834	-8.064	-6.049	-6.104	-6.001	-4.993	-4.858	-3.965	-4.210	-4.067	-4.390	-3.573	-3.546	-3.240	-3.224	-3.305	-2.577	-2.884	-2.816	-2.677	-2.564	-2.691	-2.582	-2.881	-2.607	-2.529	-2.030	-1.896	-2.076	-2.123	-1.852	-1.479	-2.274	-2.120	-1.887	-0.930	-1.403	-2.445	-2.238	-2.395	-2.282	-2.451	-2.525	-2.349	-2.145	-2.569	-2.349	-2.361	-2.610	-2.384	-2.491	-0.999	11.60	54.72	166.9	147.8	42.25	-0.928
595.0	-234.3	-194.4	-157.3	-131.9	-96.25	-83.86	-46.70	-11.10	34.12	104.0	191.2	190.9	88.95	8.331	6.217	167.5	612.1	44.05	-8.082	-8.193	-8.146	-6.671	-6.146	-5.965	-6.399	-5.376	-4.359	-5.022	-4.589	-4.015	-4.160	-3.841	-3.905	-3.507	-3.043	-2.764	-2.854	-3.056	-2.856	-2.486	-2.759	-3.255	-3.214	-2.479	-2.567	-2.295	-2.229	-1.852	-1.796	-1.816	-2.019	-2.089	-2.331	-2.388	-1.576	-1.410	-1.712	-2.233	-2.547	-2.629	-2.292	-2.679	-2.397	-1.729	-2.664	-2.333	-2.297	-2.639	-2.844	-3.073	-2.722	0.599	10.17	35.53	89.00	202.8	56.32
600.0	-246.9	-215.8	-151.9	-120.3	-89.84	-73.27	-40.09	-25.98	24.76	89.82	169.4	180.9	84.89	3.779	-5.179	31.09	490.5	241.9	-8.702	-8.178	-8.058	-7.235	-6.459	-6.503	-6.110	-5.663	-5.493	-5.856	-4.484	-4.748	-4.306	-4.308	-3.671	-3.537	-3.133	-3.304	-3.015	-3.200	-3.213	-3.370	-2.861	-3.197	-3.322	-3.083	-2.945	-2.537	-2.448	-2.248	-1.961	-2.078	-2.092	-2.245	-2.413	-2.637	-2.066	-1.516	-1.760	-1.735	-2.487	-2.464	-2.544	-2.649	-2.908	-2.108	-2.362	-2.121	-2.431	-2.715	-3.075	-2.782	-2.967	-2.163	-0.016	5.448	20.25	126.7	177.3
605.0	-241.9	-174.7	-146.1	-115.0	-98.73	-77.39	-58.87	-24.89	18.94	70.89	141.3	168.7	81.95	8.036	-8.890	-2.186	225.6	444.5	5.511	-9.099	-6.486	-7.975	-6.794	-7.028	-6.735	-5.778	-5.246	-5.355	-5.827	-5.054	-4.846	-4.606	-4.404	-4.309	-3.708	-2.745	-3.622	-3.492	-2.801	-3.104	-3.139	-2.993	-3.336	-2.969	-2.940	-2.764	-2.237	-2.420	-2.268	-2.278	-1.711	-2.130	-2.181	-2.485	-2.508	-2.091	-1.714	-2.175	-2.520	-2.646	-2.680	-2.256	-2.720	-2.344	-2.621	-2.294	-2.441	-2.810	-2.464	-2.766	-3.006	-2.625	-2.061	-0.946	2.108	32.48	136.9
610.0	-258.5	-205.7	-156.5	-128.1	-93.60	-77.65	-55.42	-27.69	0.671	60.99	119.2	136.3	94.28	7.466	-12.04	-8.720	50.47	395.3	187.6	-7.510	-8.216	-8.309	-6.123	-6.836	-6.448	-6.079	-5.181	-5.584	-5.299	-5.209	-4.612	-4.497	-4.735	-4.208	-3.913	-2.779	-3.492	-3.345	-3.164	-3.452	-2.897	-2.818	-3.112	-3.044	-2.750	-2.733	-2.169	-2.465	-2.157	-1.836	-1.780	-2.154	-2.348	-2.359	-2.570	-2.394	-1.868	-1.946	-2.055	-2.484	-2.767	-2.576	-2.762	-2.567	-2.638	-2.615	-2.633	-2.677	-2.705	-3.006	-2.930	-3.014	-2.871	-2.539	-2.099	4.605	34.36
615.0	-234.6	-241.3	-176.5	-109.1	-90.57	-65.46	-55.08	-32.38	0.767	49.17	86.44	99.92	90.35	13.34	-15.23	-11.68	4.437	130.9	410.0	39.61	-8.707	-7.843	-7.139	-7.084	-6.137	-5.700	-5.849	-5.866	-5.599	-5.373	-4.779	-4.039	-4.583	-4.355	-4.079	-2.796	-3.065	-3.670	-3.244	-3.322	-3.247	-3.058	-2.977	-3.429	-2.878	-2.612	-1.936	-2.258	-2.045	-1.703	-2.006	-2.533	-2.489	-2.320	-2.599	-2.647	-2.465	-2.172	-2.265	-2.273	-2.642	-2.699	-2.413	-2.745	-2.731	-2.195	-2.674	-2.931	-2.642	-3.035	-3.009	-2.458	-2.627	-3.156	-2.859	-1.507	5.106
620.0	-242.3	-205.3	-175.5	-112.2	-81.27	-81.43	-49.48	-39.17	-7.013	23.86	71.20	81.42	68.42	24.07	-13.22	-15.00	-6.674	24.78	355.7	227.6	-8.450	-7.718	-7.424	-6.550	-6.530	-6.090	-6.577	-6.114	-5.694	-5.650	-5.529	-5.020	-4.446	-4.845	-3.631	-3.464	-3.762	-4.102	-3.352	-3.610	-3.311	-3.319	-3.272	-3.125	-2.868	-3.029	-2.400	-2.307	-2.387	-2.031	-2.180	-2.212	-2.420	-2.927	-2.663	-2.692	-2.494	-2.569	-2.527	-2.214	-2.574	-2.601	-2.602	-2.746	-2.638	-2.789	-2.724	-2.755	-2.830	-2.670	-3.028	-2.816	-2.952	-2.910	-3.147	-3.005	-1.417
625.0	-241.5	-181.7	-162.5	-98.55	-96.01	-75.03	-61.28	-39.39	-8.120	21.66	44.52	64.32	36.87	30.79	-11.66	-13.67	-11.90	-3.465	175.8	475.5	2.596	-7.847	-7.007	-6.814	-6.336	-6.247	-5.727	-6.377	-5.375	-6.010	-4.854	-4.936	-4.196	-4.543	-3.805	-3.283	-3.797	-3.399	-3.659	-3.687	-3.492	-3.160	-3.525	-3.354	-3.211	-3.418	-2.968	-2.724	-2.467	-2.153	-2.182	-2.255	-2.519	-2.756	-2.433	-2.824	-2.499	-2.501	-2.331	-2.036	-2.286	-2.758	-2.630	-2.770	-2.627	-2.418	-2.827	-2.903	-2.962	-2.518	-2.838	-3.042	-2.987	-3.164	-3.198	-3.186	-2.857
630.0	-236.9	-187.3	-177.6	-125.2	-94.16	-74.67	-54.44	-51.25	-10.58	8.190	34.63	43.85	29.81	25.73	-0.876	-13.59	-12.15	-9.140	39.75	473.2	139.8	-6.839	-7.414	-7.114	-7.223	-7.072	-5.502	-6.420	-5.363	-5.406	-5.192	-5.589	-5.234	-4.451	-4.041	-3.622	-3.724	-3.509	-3.541	-3.209	-3.375	-3.358	-3.198	-3.485	-3.187	-3.402	-2.569	-2.819	-2.306	-2.182	-2.099	-2.359	-2.406	-2.535	-2.446	-2.842	-2.556	-2.752	-2.406	-2.626	-2.505	-2.661	-2.618	-2.699	-2.742	-2.557	-2.923	-2.862	-2.911	-2.950	-2.992	-2.916	-3.210	-3.144	-3.332	-3.336	-3.401
635.0	-224.6	-204.3	-135.2	-98.59	-84.43	-65.93	-57.98	-39.37	-19.78	1.673	26.83	35.16	20.56	14.81	9.257	-9.116	-9.555	-8.187	1.209	160.8	317.8	21.29	-7.883	-6.701	-6.430	-8.061	-6.376	-5.918	-4.467	-6.269	-5.658	-5.526	-4.468	-4.113	-4.053	-3.459	-3.576	-3.254	-3.440	-3.404	-3.492	-3.314	-3.306	-3.455	-2.968	-3.605	-2.466	-2.437	-2.595	-2.245	-2.021	-2.406	-2.466	-2.500	-2.720	-2.566	-2.391	-2.370	-2.683	-2.961	-2.592	-2.807	-2.646	-2.860	-2.937	-2.981	-2.895	-2.723	-2.795	-3.076	-3.136	-2.971	-3.128	-3.057	-3.223	-3.289	-3.325
640.0	-279.9	-213.9	-112.3	-106.3	-86.68	-64.68	-51.70	-46.59	-24.14	-4.104	13.81	23.09	14.46	3.704	14.61	-3.009	-8.162	-8.461	-7.696	32.26	295.3	126.4	-8.049	-7.733	-7.007	-7.444	-7.325	-5.503	-5.710	-5.940	-6.091	-5.564	-4.072	-3.699	-4.041	-3.845	-3.680	-3.579	-3.572	-3.514	-3.384	-3.442	-3.501	-3.387	-3.136	-3.338	-2.371	-2.430	-2.535	-2.027	-2.310	-2.700	-2.407	-2.805	-2.787	-2.485	-2.424	-2.465	-2.763	-2.774	-2.542	-3.022	-2.870	-3.182	-2.656	-3.099	-2.933	-3.017	-3.252	-2.649	-2.702	-2.947	-3.009	-2.881	-3.282	-3.305	-3.043
645.0	-278.2	-199.5	-128.6	-112.1	-79.37	-70.52	-51.38	-35.40	-24.09	-7.785	6.485	12.24	15.22	5.583	17.73	6.004	-7.800	-7.478	-7.809	1.828	150.0	258.6	-1.685	-7.598	-7.200	-7.591	-6.404	-4.952	-5.993	-5.518	-5.866	-5.528	-4.685	-4.555	-4.055	-3.970	-3.535	-4.113	-3.627	-3.348	-3.082	-3.431	-3.339	-2.778	-3.422	-3.006	-2.770	-2.528	-2.626	-2.194	-2.333	-2.531	-2.759	-2.313	-2.930	-2.966	-2.609	-2.603	-2.604	-2.448	-2.437	-2.501	-2.388	-2.986	-2.804	-3.170	-3.143	-2.916	-3.041	-2.723	-2.991	-2.602	-2.881	-2.877	-3.272	-3.101	-3.237
650.0	-217.0	-190.2	-100.6	-94.50	-46.49	-61.41	-47.14	-36.74	-28.11	6.093	3.060	3.033	15.10	-0.049	12.45	9.324	-5.250	-8.631	-8.050	-3.730	44.28	296.5	53.40	-7.793	-6.450	-7.348	-5.614	-5.707	-6.471	-5.621	-4.977	-5.990	-4.918	-4.182	-4.753	-3.802	-3.705	-4.498	-3.162	-3.834	-3.254	-3.594	-3.535	-2.478	-3.127	-3.099	-2.788	-2.492	-2.211	-2.372	-2.467	-2.488	-2.750	-2.670	-2.995	-2.661	-2.806	-3.041	-2.686	-2.263	-2.825	-2.863	-2.255	-2.746	-2.724	-2.996	-2.775	-2.912	-3.020	-2.635	-2.985	-2.952	-2.872	-3.064	-3.421	-2.919	-3.325
